68	0.000000000
51	0.000851000
68	1.004958000
51	0.000824000
68	1.003676000
51	0.000700000
68	1.002855000
51	0.000740000
68	1.002843000
51	0.000714000
68	1.003339000
51	0.000831000
68	1.004066000
51	0.000686000
68	1.004276000
51	0.000883000
68	1.005504000
51	0.000887000
68	1.005527000
51	0.000792000
68	1.004049000
51	0.000722000
68	1.003178000
51	0.000714000
68	1.004590000
51	0.000851000
68	1.005611000
51	0.000845000
68	1.005437000
51	0.000818000
68	1.004069000
51	0.000727000
68	1.004344000
51	0.000822000
68	1.004063000
51	0.000729000
68	1.004258000
51	0.000906000
68	1.004230000
51	0.000668000
68	1.002903000
51	0.000671000
68	1.004232000
51	0.000859000
68	1.005232000
51	0.000801000
68	1.004259000
51	0.000719000
68	1.004428000
51	0.000843000
68	1.005252000
51	0.000741000
68	1.003910000
51	0.000707000
68	1.002685000
51	0.000688000
68	1.004181000
51	0.000969000
68	1.005135000
51	0.000869000
68	1.005273000
51	0.000871000
68	1.005233000
51	0.000714000
68	1.005077000
51	0.000773000
68	1.003997000
51	0.000713000
68	1.003088000
51	0.000720000
68	1.002551000
51	0.000696000
68	1.002916000
51	0.000702000
68	1.004435000
51	0.000623000
68	1.005637000
51	0.000852000
68	1.005631000
51	0.000846000
68	1.005737000
51	0.000796000
68	1.005035000
51	0.000856000
68	1.004219000
51	0.000689000
68	1.002731000
51	0.000745000
68	1.003207000
51	0.000780000
68	1.004281000
51	0.000873000
68	1.003913000
51	0.000777000
68	1.004363000
51	0.000907000
68	1.004075000
51	0.000703000
68	1.004057000
51	0.000813000
68	1.005409000
51	0.000925000
68	1.005518000
51	0.000763000
68	1.003783000
51	0.000729000
68	1.002896000
51	0.000646000
68	1.002621000
51	0.000674000
68	1.003835000
51	0.000814000
68	1.004678000
51	0.000840000
68	1.004910000
51	0.000862000
68	1.004264000
51	0.000691000
68	1.003169000
51	0.000650000
68	1.004085000
51	0.000620000
68	1.005629000
51	0.000859000
68	1.005661000
51	0.000796000
68	1.005161000
51	0.000624000
68	1.003706000
51	0.000646000
68	1.002931000
51	0.000690000
68	1.004409000
51	0.000932000
68	1.005699000
51	0.000774000
68	1.005331000
51	0.000853000
68	1.005636000
51	0.000777000
68	1.003937000
51	0.000731000
68	1.004515000
51	0.000879000
68	1.005420000
51	0.000801000
68	1.004553000
51	0.000874000
68	1.005646000
51	0.000755000
68	1.005055000
51	0.000588000
68	1.005454000
51	0.000926000
68	1.005655000
51	0.000640000
68	1.005608000
51	0.000835000
68	1.005508000
51	0.000959000
68	1.005481000
51	0.000916000
68	1.005353000
51	0.000750000
68	1.004933000
51	0.001001000
68	1.005370000
51	0.000765000
68	1.005232000
51	0.000843000
68	1.005404000
51	0.000873000
68	1.005630000
51	0.000888000
68	1.005605000
51	0.000913000
68	1.005661000
51	0.000822000
68	1.005295000
51	0.000857000
68	1.005234000
51	0.000838000
68	1.005122000
51	0.000838000
68	1.005345000
51	0.000873000
68	1.004031000
51	0.000717000
68	1.004229000
51	0.000821000
68	1.005376000
51	0.000877000
68	1.005262000
51	0.000799000
68	1.005105000
51	0.000853000
68	1.005425000
51	0.000884000
68	1.005239000
51	0.000613000
68	1.005611000
51	0.000834000
68	1.004667000
51	0.000835000
68	1.005270000
51	0.000888000
68	1.005566000
51	0.000858000
68	1.005705000
51	0.000804000
68	1.005213000
51	0.000862000
68	1.005341000
51	0.000777000
68	1.005701000
51	0.000858000
68	1.005619000
51	0.000610000
68	1.005415000
51	0.000584000
68	1.005317000
51	0.000590000
68	1.003846000
51	0.000369000
68	1.003998000
51	0.000865000
68	1.005640000
51	0.000772000
68	1.003709000
51	0.000448000
68	1.004003000
51	0.000568000
68	1.005365000
51	0.000793000
68	1.005327000
51	0.000827000
68	1.005657000
51	0.000887000
68	1.005428000
51	0.000846000
68	1.005535000
51	0.000834000
68	1.005613000
51	0.000867000
68	1.005634000
51	0.000851000
68	1.003957000
51	0.000410000
68	1.004264000
51	0.000826000
68	1.005539000
51	0.000865000
68	1.005398000
51	0.000834000
68	1.005683000
51	0.000859000
68	1.005186000
51	0.000770000
68	1.005181000
51	0.000600000
68	1.005119000
51	0.000999000
68	1.005432000
51	0.000585000
68	1.004979000
51	0.000822000
68	1.005370000
51	0.000865000
68	1.005488000
51	0.000893000
68	1.005948000
51	0.000753000
68	1.004049000
51	0.000818000
68	1.003135000
51	0.000360000
68	1.003432000
51	0.000828000
68	1.002058000
51	0.000657000
68	1.001934000
51	0.000645000
68	1.001866000
51	0.000645000
68	1.001942000
51	0.000651000
68	1.001906000
51	0.000731000
68	1.002365000
51	0.000650000
68	1.001918000
51	0.000733000
68	1.002562000
51	0.000690000
68	1.002314000
51	0.000667000
68	1.002184000
51	0.000652000
68	1.002248000
51	0.000727000
68	1.002150000
51	0.000398000
68	1.002228000
51	0.000584000
68	1.002234000
51	0.000718000
68	1.002084000
51	0.000728000
68	1.002446000
51	0.000689000
68	1.002807000
51	0.000678000
68	1.002654000
51	0.000752000
68	1.002634000
51	0.000679000
68	1.002299000
51	0.000699000
68	1.003127000
51	0.000788000
68	1.003005000
51	0.000668000
68	1.003635000
51	0.000862000
68	1.004836000
51	0.000787000
68	1.003761000
51	0.000815000
68	1.005316000
51	0.000845000
68	1.004234000
51	0.000676000
68	1.002880000
51	0.000709000
68	1.004441000
51	0.000776000
68	1.005008000
51	0.000611000
68	1.004057000
51	0.000685000
68	1.004272000
51	0.000898000
68	1.005124000
51	0.000584000
68	1.004060000
51	0.000714000
68	1.003331000
51	0.000735000
68	1.004601000
51	0.000857000
68	1.003936000
51	0.000714000
68	1.004310000
51	0.000917000
68	1.005562000
51	0.000890000
68	1.005663000
51	0.001006000
68	1.005413000
51	0.000862000
68	1.005688000
51	0.000972000
68	1.004317000
51	0.000755000
68	1.003189000
51	0.000738000
68	1.004564000
51	0.000895000
68	1.004377000
51	0.000718000
68	1.004499000
51	0.000825000
68	1.004814000
51	0.000567000
68	1.004884000
51	0.000631000
68	1.005584000
51	0.000861000
68	1.005269000
51	0.000947000
68	1.004321000
51	0.000697000
68	1.004270000
51	0.000851000
68	1.005627000
51	0.000825000
68	1.004101000
51	0.000701000
68	1.003974000
51	0.000832000
68	1.005319000
51	0.000855000
68	1.003970000
51	0.000398000
68	1.003912000
51	0.000575000
68	1.005580000
51	0.000799000
68	1.004959000
51	0.000507000
68	1.005063000
51	0.000939000
68	1.005683000
51	0.000883000
68	1.005589000
51	0.000843000
68	1.004048000
51	0.000717000
68	1.004571000
51	0.000844000
68	1.005552000
51	0.000824000
68	1.005319000
51	0.000844000
68	1.003476000
51	0.000725000
68	1.002972000
51	0.000701000
68	1.004506000
51	0.000909000
68	1.005504000
51	0.000816000
68	1.005278000
51	0.000854000
68	1.005306000
51	0.000892000
68	1.005168000
51	0.000752000
68	1.004953000
51	0.000839000
68	1.005316000
51	0.000856000
68	1.005640000
51	0.000730000
68	1.003932000
51	0.000739000
68	1.002919000
51	0.000653000
68	1.004184000
51	0.000730000
68	1.004017000
51	0.000740000
68	1.004333000
51	0.000920000
68	1.005798000
51	0.000896000
68	1.005558000
51	0.000918000
68	1.005379000
51	0.000831000
68	1.004416000
51	0.000694000
68	1.003134000
51	0.000719000
68	1.002905000
51	0.000695000
68	1.004222000
51	0.000774000
68	1.003977000
51	0.000441000
68	1.004306000
51	0.000645000
68	1.003979000
51	0.000695000
68	1.002809000
51	0.000742000
68	1.004182000
51	0.000836000
68	1.004361000
51	0.000692000
68	1.002881000
51	0.000696000
68	1.002481000
51	0.000674000
68	1.004035000
51	0.000975000
68	1.004706000
51	0.000510000
68	1.003153000
51	0.000653000
68	1.003904000
51	0.000818000
68	1.005246000
51	0.000855000
68	1.004236000
51	0.000720000
68	1.004643000
51	0.000862000
68	1.004294000
51	0.000689000
68	1.002641000
51	0.000724000
68	1.003063000
51	0.000722000
68	1.004597000
51	0.000774000
68	1.004227000
51	0.000643000
68	1.004134000
51	0.000520000
68	1.005330000
51	0.000716000
68	1.003656000
51	0.000708000
68	1.003131000
51	0.000682000
68	1.004200000
51	0.000796000
68	1.003855000
51	0.000476000
68	1.002813000
51	0.000692000
68	1.002843000
51	0.000696000
68	1.004178000
51	0.000733000
68	1.005407000
51	0.000868000
68	1.005328000
51	0.000507000
68	1.005412000
51	0.000886000
68	1.005529000
51	0.000765000
68	1.005045000
51	0.000829000
68	1.004234000
51	0.000686000
68	1.004102000
51	0.000829000
68	1.005643000
51	0.000863000
68	1.005493000
51	0.000854000
68	1.005328000
51	0.000810000
68	1.005584000
51	0.000776000
68	1.005080000
51	0.000818000
68	1.005376000
51	0.000857000
68	1.005509000
51	0.000853000
68	1.005721000
51	0.000819000
68	1.005608000
51	0.000953000
68	1.005632000
51	0.000922000
68	1.005289000
51	0.000899000
68	1.005349000
51	0.000919000
68	1.005364000
51	0.000662000
68	1.005207000
51	0.000686000
68	1.005478000
51	0.000880000
68	1.004793000
51	0.000536000
68	1.005291000
51	0.000631000
68	1.004996000
51	0.000833000
68	1.005054000
51	0.000610000
68	1.005329000
51	0.000775000
68	1.005096000
51	0.000607000
68	1.004263000
51	0.000688000
68	1.003972000
51	0.000827000
68	1.005567000
51	0.000874000
68	1.005396000
51	0.000725000
68	1.005365000
51	0.000861000
68	1.005274000
51	0.000852000
68	1.004589000
51	0.000731000
68	1.004633000
51	0.000828000
68	1.005600000
51	0.000861000
68	1.005443000
51	0.000846000
68	1.003853000
51	0.000474000
68	1.004396000
51	0.000860000
68	1.005341000
51	0.000893000
68	1.005473000
51	0.000826000
68	1.003689000
51	0.000678000
68	1.003990000
51	0.000936000
68	1.005635000
51	0.000865000
68	1.005304000
51	0.000740000
68	1.005257000
51	0.000802000
68	1.005279000
51	0.000498000
68	1.003999000
51	0.000699000
68	1.004298000
51	0.000862000
68	1.003891000
51	0.000717000
68	1.004451000
51	0.000931000
68	1.005649000
51	0.000853000
68	1.005318000
51	0.000880000
68	1.003941000
51	0.000686000
68	1.003986000
51	0.000857000
68	1.005350000
51	0.000778000
68	1.005062000
51	0.000842000
68	1.004011000
51	0.000725000
68	1.004447000
51	0.000859000
68	1.005002000
51	0.000829000
68	1.005627000
51	0.000970000
68	1.004331000
51	0.000689000
68	1.003984000
51	0.000622000
68	1.005369000
51	0.000778000
68	1.005427000
51	0.000566000
68	1.004278000
51	0.000720000
68	1.005135000
51	0.000857000
68	1.005703000
51	0.000781000
68	1.003920000
51	0.000741000
68	1.004814000
51	0.000907000
68	1.005273000
51	0.000842000
68	1.004077000
51	0.000677000
68	1.003870000
51	0.000813000
68	1.005557000
51	0.000899000
68	1.003865000
51	0.000633000
68	1.002641000
51	0.000695000
68	1.002495000
51	0.000674000
68	1.003316000
51	0.000600000
68	1.002505000
51	0.000691000
68	1.002174000
51	0.000674000
68	1.002022000
51	0.000637000
68	1.002670000
51	0.000691000
68	1.002545000
51	0.000674000
68	1.001962000
51	0.000662000
68	1.002212000
51	0.000893000
68	1.002157000
51	0.000647000
68	1.001896000
51	0.000637000
68	1.002268000
51	0.000723000
68	1.002778000
51	0.000668000
68	1.001966000
51	0.000669000
68	1.002396000
51	0.000698000
68	1.002619000
51	0.000718000
68	1.002614000
51	0.000664000
68	1.002458000
51	0.000675000
68	1.003038000
51	0.000692000
68	1.002744000
51	0.000666000
68	1.002616000
51	0.000698000
68	1.004375000
51	0.000871000
68	1.003515000
51	0.000661000
68	1.002253000
51	0.000698000
68	1.003337000
51	0.000730000
68	1.003804000
51	0.000710000
68	1.003464000
51	0.000775000
68	1.005714000
51	0.000831000
68	1.004254000
51	0.000691000
68	1.003979000
51	0.000766000
68	1.003889000
51	0.000605000
68	1.003956000
51	0.000731000
68	1.003214000
51	0.000858000
68	1.005669000
51	0.000863000
68	1.003906000
51	0.000673000
68	1.003937000
51	0.000638000
68	1.004808000
51	0.000792000
68	1.004636000
51	0.000610000
68	1.005383000
51	0.000868000
68	1.005246000
51	0.000854000
68	1.005158000
51	0.000588000
68	1.005640000
51	0.000974000
68	1.005769000
51	0.000892000
68	1.005755000
51	0.000853000
68	1.004146000
51	0.000692000
68	1.004230000
51	0.000860000
68	1.004201000
51	0.000758000
68	1.004327000
51	0.000862000
68	1.004309000
51	0.000697000
68	1.002868000
51	0.000723000
68	1.004277000
51	0.000867000
68	1.005382000
51	0.000838000
68	1.004944000
51	0.000550000
68	1.003815000
51	0.000715000
68	1.004443000
51	0.000863000
68	1.004286000
51	0.000710000
68	1.004310000
51	0.000820000
68	1.004984000
51	0.000840000
68	1.005681000
51	0.000869000
68	1.005255000
51	0.000583000
68	1.005360000
51	0.000871000
68	1.004742000
51	0.000686000
68	1.002704000
51	0.000737000
68	1.004665000
51	0.000838000
68	1.005680000
51	0.000864000
68	1.004250000
51	0.000698000
68	1.004288000
51	0.000888000
68	1.005509000
51	0.000614000
68	1.005726000
51	0.000859000
68	1.005668000
51	0.000868000
68	1.003902000
51	0.000684000
68	1.004295000
51	0.000783000
68	1.005638000
51	0.000853000
68	1.005667000
51	0.000831000
68	1.004068000
51	0.000715000
68	1.004419000
51	0.000880000
68	1.004761000
51	0.000495000
68	1.005324000
51	0.000862000
68	1.004984000
51	0.000745000
68	1.004083000
51	0.000776000
68	1.005270000
51	0.000939000
68	1.005238000
51	0.000824000
68	1.004995000
51	0.000651000
68	1.004004000
51	0.000732000
68	1.004404000
51	0.000846000
68	1.005112000
51	0.000885000
68	1.005238000
51	0.000687000
68	1.005060000
51	0.000761000
68	1.005059000
51	0.000847000
68	1.003950000
51	0.000695000
68	1.004012000
51	0.000513000
68	1.005155000
51	0.000833000
68	1.005384000
51	0.000844000
68	1.005385000
51	0.000794000
68	1.005627000
51	0.000605000
68	1.004304000
51	0.000717000
68	1.005119000
51	0.000846000
68	1.005654000
51	0.000612000
68	1.005433000
51	0.000923000
68	1.005335000
51	0.000835000
68	1.003898000
51	0.000727000
68	1.004295000
51	0.000867000
68	1.005660000
51	0.000852000
68	1.004048000
51	0.000705000
68	1.004626000
51	0.000880000
68	1.004242000
51	0.000725000
68	1.004338000
51	0.000805000
68	1.005432000
51	0.000863000
68	1.004003000
51	0.000683000
68	1.003626000
51	0.000712000
68	1.004850000
51	0.001057000
68	1.004426000
51	0.000715000
68	1.002873000
51	0.000730000
68	1.004218000
51	0.000939000
68	1.005725000
51	0.000833000
68	1.004277000
51	0.000723000
68	1.004431000
51	0.000983000
68	1.005471000
51	0.000651000
68	1.005061000
51	0.000620000
68	1.005374000
51	0.000908000
68	1.005522000
51	0.000902000
68	1.005731000
51	0.000917000
68	1.005471000
51	0.000859000
68	1.005381000
51	0.000983000
68	1.005766000
51	0.000993000
68	1.005110000
51	0.000937000
68	1.005385000
51	0.000657000
68	1.005329000
51	0.000875000
68	1.005827000
51	0.001004000
68	1.005743000
51	0.000995000
68	1.004465000
51	0.000781000
68	1.005641000
51	0.000992000
68	1.005554000
51	0.000862000
68	1.005589000
51	0.000815000
68	1.005231000
51	0.000761000
68	1.005359000
51	0.000885000
68	1.005610000
51	0.000863000
68	1.005803000
51	0.000856000
68	1.005687000
51	0.000731000
68	1.005387000
51	0.000864000
68	1.003979000
51	0.000718000
68	1.004357000
51	0.000742000
68	1.005059000
51	0.000597000
68	1.005421000
51	0.000924000
68	1.005069000
51	0.000828000
68	1.005353000
51	0.000811000
68	1.005017000
51	0.000886000
68	1.005724000
51	0.000948000
68	1.005486000
51	0.000987000
68	1.004764000
51	0.000901000
68	1.005715000
51	0.000897000
68	1.005278000
51	0.000935000
68	1.005634000
51	0.000818000
68	1.004973000
51	0.000879000
68	1.005742000
51	0.000950000
68	1.005657000
51	0.001000000
68	1.005635000
51	0.000861000
68	1.005360000
51	0.000674000
68	1.005319000
51	0.000857000
68	1.005623000
51	0.001004000
68	1.004145000
51	0.000480000
68	1.004679000
51	0.000975000
68	1.003792000
51	0.000704000
68	1.004151000
51	0.000849000
68	1.004245000
51	0.000754000
68	1.004393000
51	0.000585000
68	1.004817000
51	0.000894000
68	1.005098000
51	0.000819000
68	1.005292000
51	0.000887000
68	1.005616000
51	0.000856000
68	1.005242000
51	0.000848000
68	1.005619000
51	0.000878000
68	1.004197000
51	0.000864000
68	1.005352000
51	0.000836000
68	1.005571000
51	0.000850000
68	1.005523000
51	0.000671000
68	1.005627000
51	0.000764000
68	1.005358000
51	0.000811000
68	1.004955000
51	0.000837000
68	1.005720000
51	0.000817000
68	1.005525000
51	0.000849000
68	1.005319000
51	0.000723000
68	1.005009000
51	0.000817000
68	1.004854000
51	0.000723000
68	1.002465000
51	0.000671000
68	1.002409000
51	0.000670000
68	1.001868000
51	0.000672000
68	1.002206000
51	0.000661000
68	1.001912000
51	0.000666000
68	1.002142000
51	0.000727000
68	1.002345000
51	0.000462000
68	1.002652000
51	0.000674000
68	1.001994000
51	0.000640000
68	1.002421000
51	0.000768000
68	1.003479000
51	0.000644000
68	1.001898000
51	0.000677000
68	1.002337000
51	0.000710000
68	1.002758000
51	0.000657000
68	1.001968000
51	0.000661000
68	1.002305000
51	0.000770000
68	1.003006000
51	0.000666000
68	1.002348000
51	0.000648000
68	1.002339000
51	0.000733000
68	1.002687000
51	0.000707000
68	1.002214000
51	0.000668000
68	1.002289000
51	0.000723000
68	1.004508000
51	0.000787000
68	1.003116000
51	0.000670000
68	1.002558000
51	0.000691000
68	1.004283000
51	0.000839000
68	1.004111000
51	0.000683000
68	1.004244000
51	0.000834000
68	1.004114000
51	0.000696000
68	1.002860000
51	0.000667000
68	1.003513000
51	0.000723000
68	1.004149000
51	0.000626000
68	1.003985000
51	0.000703000
68	1.002632000
51	0.000708000
68	1.004362000
51	0.000876000
68	1.004270000
51	0.000728000
68	1.003101000
51	0.000763000
68	1.004442000
51	0.000866000
68	1.003869000
51	0.000741000
68	1.004404000
51	0.000867000
68	1.004062000
51	0.000656000
68	1.002942000
51	0.000721000
68	1.004574000
51	0.000853000
68	1.005277000
51	0.000829000
68	1.005695000
51	0.000767000
68	1.005416000
51	0.000855000
68	1.003990000
51	0.000711000
68	1.004256000
51	0.000942000
68	1.004366000
51	0.000720000
68	1.004602000
51	0.000893000
68	1.004320000
51	0.000638000
68	1.004307000
51	0.001019000
68	1.005480000
51	0.000814000
68	1.005580000
51	0.000617000
68	1.005642000
51	0.000789000
68	1.005602000
51	0.000837000
68	1.004232000
51	0.000698000
68	1.004627000
51	0.000821000
68	1.005682000
51	0.000776000
68	1.003339000
51	0.000702000
68	1.002896000
51	0.000713000
68	1.004126000
51	0.000442000
68	1.003856000
51	0.000660000
68	1.002921000
51	0.000670000
68	1.002594000
51	0.000327000
68	1.004000000
51	0.000607000
68	1.005283000
51	0.000531000
68	1.004612000
51	0.000618000
68	1.003784000
51	0.000439000
68	1.003087000
51	0.000690000
68	1.003949000
51	0.000563000
68	1.003804000
51	0.000403000
68	1.003927000
51	0.000618000
68	1.005329000
51	0.000841000
68	1.004405000
51	0.000701000
68	1.002911000
51	0.000740000
68	1.004439000
51	0.000726000
68	1.004180000
51	0.000715000
68	1.004500000
51	0.000778000
68	1.004253000
51	0.000693000
68	1.003858000
51	0.000762000
68	1.004931000
51	0.000892000
68	1.005786000
51	0.000479000
68	1.004160000
51	0.000747000
68	1.003930000
51	0.000916000
68	1.004341000
51	0.000682000
68	1.004048000
51	0.000811000
68	1.005394000
51	0.000850000
68	1.005427000
51	0.000817000
68	1.005253000
51	0.000835000
68	1.005726000
51	0.000827000
68	1.005590000
51	0.000884000
68	1.005659000
51	0.000858000
68	1.004367000
51	0.000693000
68	1.004048000
51	0.000630000
68	1.003540000
51	0.000715000
68	1.002917000
51	0.000717000
68	1.003137000
51	0.000723000
68	1.004572000
51	0.000903000
68	1.004193000
51	0.000719000
68	1.004597000
51	0.000857000
68	1.004325000
51	0.000681000
68	1.004106000
51	0.000720000
68	1.004557000
51	0.000856000
68	1.004039000
51	0.000719000
68	1.003205000
51	0.000708000
68	1.003969000
51	0.000807000
68	1.005316000
51	0.000590000
68	1.004357000
51	0.000692000
68	1.004064000
51	0.000854000
68	1.003908000
51	0.000659000
68	1.004240000
51	0.000848000
68	1.005711000
51	0.000831000
68	1.004773000
51	0.000557000
68	1.003980000
51	0.000686000
68	1.004050000
51	0.000535000
68	1.005098000
51	0.000780000
68	1.003588000
51	0.000738000
68	1.004060000
51	0.000857000
68	1.005341000
51	0.000807000
68	1.004931000
51	0.000818000
68	1.004866000
51	0.000810000
68	1.004618000
51	0.000829000
68	1.005773000
51	0.000708000
68	1.004213000
51	0.000772000
68	1.003723000
51	0.000691000
68	1.002816000
51	0.000706000
68	1.004080000
51	0.000763000
68	1.004692000
51	0.000735000
68	1.004340000
51	0.000734000
68	1.005158000
51	0.000836000
68	1.005258000
51	0.000596000
68	1.005668000
51	0.000856000
68	1.005601000
51	0.000770000
68	1.005027000
51	0.000830000
68	1.004432000
51	0.000707000
68	1.004100000
51	0.000788000
68	1.004163000
51	0.000692000
68	1.003980000
51	0.000814000
68	1.004378000
51	0.000696000
68	1.003986000
51	0.000813000
68	1.004133000
51	0.000776000
68	1.004613000
51	0.000923000
68	1.004239000
51	0.000685000
68	1.004281000
51	0.000876000
68	1.005450000
51	0.000835000
68	1.005357000
51	0.000859000
68	1.003961000
51	0.000699000
68	1.004268000
51	0.000855000
68	1.005416000
51	0.000831000
68	1.005561000
51	0.000858000
68	1.005238000
51	0.000587000
68	1.005220000
51	0.000919000
68	1.005381000
51	0.000886000
68	1.005761000
51	0.000824000
68	1.005358000
51	0.000866000
68	1.005510000
51	0.000940000
68	1.005718000
51	0.000915000
68	1.004664000
51	0.000591000
68	1.005741000
51	0.000867000
68	1.005474000
51	0.000821000
68	1.004251000
51	0.000698000
68	1.003890000
51	0.000688000
68	1.005552000
51	0.000664000
68	1.005325000
51	0.000930000
68	1.005501000
51	0.000940000
68	1.005635000
51	0.000861000
68	1.004985000
51	0.000831000
68	1.005739000
51	0.000996000
68	1.005749000
51	0.000897000
68	1.005646000
51	0.000876000
68	1.004157000
51	0.000688000
68	1.004137000
51	0.000855000
68	1.005196000
51	0.000809000
68	1.005102000
51	0.000775000
68	1.004394000
51	0.000982000
68	1.005616000
51	0.000753000
68	1.004927000
51	0.000644000
68	1.004991000
51	0.000900000
68	1.005313000
51	0.000893000
68	1.004099000
51	0.000722000
68	1.004230000
51	0.000601000
68	1.005642000
51	0.000866000
68	1.005686000
51	0.000765000
68	1.005048000
51	0.000883000
68	1.005579000
51	0.000817000
68	1.005006000
51	0.000609000
68	1.005146000
51	0.000982000
68	1.005496000
51	0.000833000
68	1.005478000
51	0.000863000
68	1.005654000
51	0.000843000
68	1.005379000
51	0.000838000
68	1.005627000
51	0.000776000
68	1.005320000
51	0.000861000
68	1.005936000
51	0.000797000
68	1.005182000
51	0.000863000
68	1.003324000
51	0.000675000
68	1.002236000
51	0.000670000
68	1.002117000
51	0.000637000
68	1.002645000
51	0.000667000
68	1.001986000
51	0.000358000
68	1.002294000
51	0.000609000
68	1.002234000
51	0.000680000
68	1.002333000
51	0.000692000
68	1.002103000
51	0.000358000
68	1.001914000
51	0.000397000
68	1.002406000
51	0.000752000
68	1.002433000
51	0.000365000
68	1.002221000
51	0.000606000
68	1.002353000
51	0.000721000
68	1.002529000
51	0.000354000
68	1.002209000
51	0.000607000
68	1.002641000
51	0.000580000
68	1.003814000
51	0.000691000
68	1.002250000
51	0.000402000
68	1.002610000
51	0.000774000
68	1.003135000
51	0.000693000
68	1.002867000
51	0.000655000
68	1.002617000
51	0.000714000
68	1.003745000
51	0.000811000
68	1.003008000
51	0.000663000
68	1.002301000
51	0.000720000
68	1.003246000
51	0.000755000
68	1.003931000
51	0.000764000
68	1.003344000
51	0.000712000
68	1.004502000
51	0.000864000
68	1.003920000
51	0.000670000
68	1.002682000
51	0.000685000
68	1.002974000
51	0.000690000
68	1.004498000
51	0.000881000
68	1.005598000
51	0.000860000
68	1.005673000
51	0.000851000
68	1.005482000
51	0.000852000
68	1.005276000
51	0.000621000
68	1.004080000
51	0.000716000
68	1.004292000
51	0.000853000
68	1.003817000
51	0.000393000
68	1.004643000
51	0.000893000
68	1.004035000
51	0.000711000
68	1.004224000
51	0.000853000
68	1.005261000
51	0.000613000
68	1.005368000
51	0.000808000
68	1.004197000
51	0.000713000
68	1.003887000
51	0.000627000
68	1.003998000
51	0.000716000
68	1.002925000
51	0.000707000
68	1.004295000
51	0.000862000
68	1.004087000
51	0.000675000
68	1.004180000
51	0.000816000
68	1.005102000
51	0.000858000
68	1.005182000
51	0.000729000
68	1.002891000
51	0.000648000
68	1.004021000
51	0.000733000
68	1.004237000
51	0.000834000
68	1.005775000
51	0.000889000
68	1.005685000
51	0.000847000
68	1.005347000
51	0.000911000
68	1.004266000
51	0.000696000
68	1.004237000
51	0.000845000
68	1.003861000
51	0.000638000
68	1.005224000
51	0.000851000
68	1.005596000
51	0.000893000
68	1.005085000
51	0.000818000
68	1.005035000
51	0.000807000
68	1.005520000
51	0.000846000
68	1.004234000
51	0.000692000
68	1.003978000
51	0.000848000
68	1.005319000
51	0.000820000
68	1.003974000
51	0.000690000
68	1.002948000
51	0.000710000
68	1.004475000
51	0.001024000
68	1.004112000
51	0.000466000
68	1.004279000
51	0.000759000
68	1.005023000
51	0.000602000
68	1.004109000
51	0.000699000
68	1.002571000
51	0.000696000
68	1.004229000
51	0.000813000
68	1.005315000
51	0.000856000
68	1.005591000
51	0.000911000
68	1.005731000
51	0.000918000
68	1.005604000
51	0.000922000
68	1.004265000
51	0.000667000
68	1.004168000
51	0.000852000
68	1.004244000
51	0.000693000
68	1.003932000
51	0.000824000
68	1.005366000
51	0.000758000
68	1.005125000
51	0.000615000
68	1.005328000
51	0.000603000
68	1.005194000
51	0.000822000
68	1.005282000
51	0.000756000
68	1.004981000
51	0.000835000
68	1.005441000
51	0.000828000
68	1.005276000
51	0.000593000
68	1.004520000
51	0.000736000
68	1.003549000
51	0.000685000
68	1.003860000
51	0.000602000
68	1.005324000
51	0.000881000
68	1.005051000
51	0.000776000
68	1.004935000
51	0.000820000
68	1.003948000
51	0.000738000
68	1.003239000
51	0.000693000
68	1.004356000
51	0.000891000
68	1.005585000
51	0.000746000
68	1.005393000
51	0.000851000
68	1.005070000
51	0.000580000
68	1.005622000
51	0.000768000
68	1.005028000
51	0.000889000
68	1.005216000
51	0.000765000
68	1.005320000
51	0.000862000
68	1.005465000
51	0.000943000
68	1.004098000
51	0.000698000
68	1.002900000
51	0.000721000
68	1.004552000
51	0.000864000
68	1.004310000
51	0.000725000
68	1.002629000
51	0.000711000
68	1.003008000
51	0.000692000
68	1.002933000
51	0.000720000
68	1.002988000
51	0.000697000
68	1.004381000
51	0.000861000
68	1.005602000
51	0.000855000
68	1.005632000
51	0.000757000
68	1.005413000
51	0.000856000
68	1.004302000
51	0.000692000
68	1.003923000
51	0.000620000
68	1.004007000
51	0.000867000
68	1.005545000
51	0.000853000
68	1.005284000
51	0.000862000
68	1.004253000
51	0.000712000
68	1.003065000
51	0.000688000
68	1.004104000
51	0.000823000
68	1.005672000
51	0.000834000
68	1.005303000
51	0.000861000
68	1.005547000
51	0.000930000
68	1.005629000
51	0.001015000
68	1.005086000
51	0.000866000
68	1.005559000
51	0.000673000
68	1.005491000
51	0.000867000
68	1.005582000
51	0.000925000
68	1.005775000
51	0.000937000
68	1.005594000
51	0.000862000
68	1.005145000
51	0.000950000
68	1.005504000
51	0.000913000
68	1.004765000
51	0.000924000
68	1.005693000
51	0.000922000
68	1.005654000
51	0.000860000
68	1.005312000
51	0.000942000
68	1.004652000
51	0.000660000
68	1.003981000
51	0.000827000
68	1.005466000
51	0.000857000
68	1.005782000
51	0.000863000
68	1.005300000
51	0.000825000
68	1.005305000
51	0.000851000
68	1.005625000
51	0.000716000
68	1.005083000
51	0.000829000
68	1.005036000
51	0.000885000
68	1.005337000
51	0.000838000
68	1.005610000
51	0.000863000
68	1.005715000
51	0.000861000
68	1.005629000
51	0.000767000
68	1.005309000
51	0.000863000
68	1.004315000
51	0.000691000
68	1.004285000
51	0.000688000
68	1.005077000
51	0.000820000
68	1.005728000
51	0.000884000
68	1.005428000
51	0.000825000
68	1.005734000
51	0.000854000
68	1.004152000
51	0.000419000
68	1.003997000
51	0.000826000
68	1.005322000
51	0.000616000
68	1.005483000
51	0.000894000
68	1.005569000
51	0.000858000
68	1.005635000
51	0.000875000
68	1.005681000
51	0.000820000
68	1.005479000
51	0.000872000
68	1.005374000
51	0.000737000
68	1.005378000
51	0.000886000
68	1.005450000
51	0.000881000
68	1.005617000
51	0.000861000
68	1.005505000
51	0.000883000
68	1.005624000
51	0.000813000
68	1.005508000
51	0.000918000
68	1.005591000
51	0.000900000
68	1.005756000
51	0.000864000
68	1.005394000
51	0.000854000
68	1.005586000
51	0.000787000
68	1.005204000
51	0.000671000
68	1.003184000
51	0.000750000
68	1.002918000
51	0.000664000
68	1.001952000
51	0.000648000
68	1.002132000
51	0.000663000
68	1.001978000
51	0.000403000
68	1.001942000
51	0.000402000
68	1.001924000
51	0.000675000
68	1.001857000
51	0.000735000
68	1.002765000
51	0.000693000
68	1.002501000
51	0.000639000
68	1.002033000
51	0.000646000
68	1.002380000
51	0.000758000
68	1.002478000
51	0.000671000
68	1.001842000
51	0.000668000
68	1.002997000
51	0.000862000
68	1.003520000
51	0.000641000
68	1.001900000
51	0.000643000
68	1.002552000
51	0.000820000
68	1.003752000
51	0.000472000
68	1.002886000
51	0.000652000
68	1.002673000
51	0.000724000
68	1.003206000
51	0.000700000
68	1.002602000
51	0.000349000
68	1.002902000
51	0.000617000
68	1.005333000
51	0.000859000
68	1.004106000
51	0.000711000
68	1.002953000
51	0.000730000
68	1.003198000
51	0.000863000
68	1.004391000
51	0.000847000
68	1.005569000
51	0.000821000
68	1.005186000
51	0.000744000
68	1.003678000
51	0.000782000
68	1.004667000
51	0.000890000
68	1.005611000
51	0.000851000
68	1.005449000
51	0.000635000
68	1.005505000
51	0.000916000
68	1.004995000
51	0.000919000
68	1.005339000
51	0.000866000
68	1.005079000
51	0.000873000
68	1.005363000
51	0.000880000
68	1.005341000
51	0.001040000
68	1.005805000
51	0.000886000
68	1.005245000
51	0.000671000
68	1.004278000
51	0.000719000
68	1.002993000
51	0.000728000
68	1.002843000
51	0.000724000
68	1.002900000
51	0.000756000
68	1.003002000
51	0.000724000
68	1.004560000
51	0.000865000
68	1.005083000
51	0.000814000
68	1.003599000
51	0.000632000
68	1.003969000
51	0.000749000
68	1.005556000
51	0.000578000
68	1.005470000
51	0.000617000
68	1.003727000
51	0.000676000
68	1.003897000
51	0.000853000
68	1.004343000
51	0.000713000
68	1.004462000
51	0.000619000
68	1.005377000
51	0.000775000
68	1.005099000
51	0.000604000
68	1.004458000
51	0.000681000
68	1.004199000
51	0.000784000
68	1.005468000
51	0.000455000
68	1.004171000
51	0.000703000
68	1.004068000
51	0.000853000
68	1.004244000
51	0.000675000
68	1.004275000
51	0.000879000
68	1.004147000
51	0.000711000
68	1.004519000
51	0.000854000
68	1.005584000
51	0.000836000
68	1.004890000
51	0.000626000
68	1.003991000
51	0.000426000
68	1.003202000
51	0.000782000
68	1.004619000
51	0.000855000
68	1.004059000
51	0.000721000
68	1.004560000
51	0.000756000
68	1.005251000
51	0.000871000
68	1.005246000
51	0.000752000
68	1.003590000
51	0.000734000
68	1.002854000
51	0.000690000
68	1.003009000
51	0.000681000
68	1.005271000
51	0.000911000
68	1.003886000
51	0.000690000
68	1.002543000
51	0.000704000
68	1.004541000
51	0.000838000
68	1.004217000
51	0.000649000
68	1.004022000
51	0.000850000
68	1.005644000
51	0.000849000
68	1.004156000
51	0.000679000
68	1.002854000
51	0.000719000
68	1.003199000
51	0.000716000
68	1.003357000
51	0.000722000
68	1.004517000
51	0.000876000
68	1.004303000
51	0.000719000
68	1.004596000
51	0.000875000
68	1.005573000
51	0.000862000
68	1.005491000
51	0.000891000
68	1.004197000
51	0.000728000
68	1.003243000
51	0.000709000
68	1.003277000
51	0.000716000
68	1.003179000
51	0.000702000
68	1.002533000
51	0.000756000
68	1.004388000
51	0.000946000
68	1.004094000
51	0.000699000
68	1.004230000
51	0.000906000
68	1.005494000
51	0.000608000
68	1.004006000
51	0.000423000
68	1.004286000
51	0.000858000
68	1.005414000
51	0.000846000
68	1.004278000
51	0.000713000
68	1.004536000
51	0.000791000
68	1.003846000
51	0.000423000
68	1.003179000
51	0.000715000
68	1.002885000
51	0.000723000
68	1.004538000
51	0.000825000
68	1.004429000
51	0.000713000
68	1.004557000
51	0.000778000
68	1.005373000
51	0.000620000
68	1.005478000
51	0.000738000
68	1.005219000
51	0.000869000
68	1.005502000
51	0.000860000
68	1.004378000
51	0.000714000
68	1.004574000
51	0.000814000
68	1.004897000
51	0.000852000
68	1.005690000
51	0.000773000
68	1.003924000
51	0.000708000
68	1.004173000
51	0.000603000
68	1.005692000
51	0.000873000
68	1.004120000
51	0.000711000
68	1.002700000
51	0.000702000
68	1.004131000
51	0.000865000
68	1.005447000
51	0.000570000
68	1.004828000
51	0.000859000
68	1.005731000
51	0.000849000
68	1.005274000
51	0.000753000
68	1.005414000
51	0.001018000
68	1.005378000
51	0.000701000
68	1.004005000
51	0.000902000
68	1.005349000
51	0.000821000
68	1.004929000
51	0.000847000
68	1.005255000
51	0.000850000
68	1.005334000
51	0.000814000
68	1.005251000
51	0.000572000
68	1.005035000
51	0.000846000
68	1.005332000
51	0.000939000
68	1.005745000
51	0.000819000
68	1.005389000
51	0.000918000
68	1.004153000
51	0.000493000
68	1.004173000
51	0.000859000
68	1.005309000
51	0.000815000
68	1.005263000
51	0.000623000
68	1.005653000
51	0.000846000
68	1.005296000
51	0.000816000
68	1.005553000
51	0.000880000
68	1.005446000
51	0.000867000
68	1.005428000
51	0.000858000
68	1.004283000
51	0.000749000
68	1.004185000
51	0.000821000
68	1.004319000
51	0.000720000
68	1.004386000
51	0.000853000
68	1.005744000
51	0.000841000
68	1.005360000
51	0.000886000
68	1.005653000
51	0.000850000
68	1.005517000
51	0.000851000
68	1.005601000
51	0.000858000
68	1.005469000
51	0.000611000
68	1.005349000
51	0.000901000
68	1.005368000
51	0.000819000
68	1.005398000
51	0.000701000
68	1.005016000
51	0.000556000
68	1.005667000
51	0.000776000
68	1.005458000
51	0.000612000
68	1.005349000
51	0.000745000
68	1.005076000
51	0.000793000
68	1.005159000
51	0.000763000
68	1.005323000
51	0.000854000
68	1.005393000
51	0.000991000
68	1.004379000
51	0.000736000
68	1.004347000
51	0.000987000
68	1.005566000
51	0.001030000
68	1.005616000
51	0.000809000
68	1.005196000
51	0.000578000
68	1.005711000
51	0.000878000
68	1.005303000
51	0.000835000
68	1.005564000
51	0.000900000
68	1.005680000
51	0.000849000
68	1.005603000
51	0.000852000
68	1.004276000
51	0.000730000
68	1.004362000
51	0.000830000
68	1.005407000
51	0.000852000
68	1.005557000
51	0.000860000
68	1.006138000
51	0.000768000
68	1.005800000
51	0.000744000
68	1.003259000
51	0.000660000
68	1.002392000
51	0.000676000
68	1.002114000
51	0.000642000
68	1.001880000
51	0.000652000
68	1.001906000
51	0.000666000
68	1.001852000
51	0.000665000
68	1.002363000
51	0.000711000
68	1.002231000
51	0.000734000
68	1.002107000
51	0.000667000
68	1.002367000
51	0.000685000
68	1.002272000
51	0.000667000
68	1.001866000
51	0.000639000
68	1.002646000
51	0.000858000
68	1.003666000
51	0.000669000
68	1.001856000
51	0.000659000
68	1.002328000
51	0.000707000
68	1.002944000
51	0.000734000
68	1.002733000
51	0.000665000
68	1.002578000
51	0.000692000
68	1.002729000
51	0.000716000
68	1.002731000
51	0.000656000
68	1.002228000
51	0.000685000
68	1.003120000
51	0.000746000
68	1.002863000
51	0.000655000
68	1.003932000
51	0.001021000
68	1.003557000
51	0.000697000
68	1.002481000
51	0.000681000
68	1.003564000
51	0.000855000
68	1.004205000
51	0.000638000
68	1.002979000
51	0.000665000
68	1.004127000
51	0.000825000
68	1.004920000
51	0.000876000
68	1.005554000
51	0.000843000
68	1.003871000
51	0.000767000
68	1.005209000
51	0.000920000
68	1.004196000
51	0.000778000
68	1.003225000
51	0.000692000
68	1.004268000
51	0.000857000
68	1.004049000
51	0.000697000
68	1.004251000
51	0.000860000
68	1.003965000
51	0.000668000
68	1.004303000
51	0.000575000
68	1.005405000
51	0.000867000
68	1.005149000
51	0.000931000
68	1.005260000
51	0.000742000
68	1.005111000
51	0.000645000
68	1.005162000
51	0.000885000
68	1.004338000
51	0.000730000
68	1.002575000
51	0.000414000
68	1.005076000
51	0.000682000
68	1.004184000
51	0.000690000
68	1.003898000
51	0.000761000
68	1.005320000
51	0.000846000
68	1.005403000
51	0.000812000
68	1.003518000
51	0.000431000
68	1.004183000
51	0.000854000
68	1.005701000
51	0.000830000
68	1.004232000
51	0.000646000
68	1.004203000
51	0.000775000
68	1.005380000
51	0.000880000
68	1.004175000
51	0.000717000
68	1.004461000
51	0.000919000
68	1.005627000
51	0.000908000
68	1.004051000
51	0.000735000
68	1.003015000
51	0.000394000
68	1.003650000
51	0.000646000
68	1.004175000
51	0.000663000
68	1.004965000
51	0.000788000
68	1.005182000
51	0.000931000
68	1.004294000
51	0.000726000
68	1.004288000
51	0.000806000
68	1.003152000
51	0.000693000
68	1.004202000
51	0.000850000
68	1.005371000
51	0.000833000
68	1.005613000
51	0.000863000
68	1.005242000
51	0.000833000
68	1.005556000
51	0.000862000
68	1.003953000
51	0.000717000
68	1.004549000
51	0.000796000
68	1.003872000
51	0.000685000
68	1.004219000
51	0.000847000
68	1.004235000
51	0.000694000
68	1.002852000
51	0.000465000
68	1.003363000
51	0.000726000
68	1.004244000
51	0.000828000
68	1.005540000
51	0.000846000
68	1.004370000
51	0.000719000
68	1.002799000
51	0.000780000
68	1.004509000
51	0.000863000
68	1.004272000
51	0.000726000
68	1.003006000
51	0.000657000
68	1.003934000
51	0.000580000
68	1.005565000
51	0.000825000
68	1.004048000
51	0.000446000
68	1.003905000
51	0.000851000
68	1.004141000
51	0.000730000
68	1.004291000
51	0.000880000
68	1.005682000
51	0.000906000
68	1.003879000
51	0.000538000
68	1.003201000
51	0.000742000
68	1.004400000
51	0.000843000
68	1.004268000
51	0.000730000
68	1.004529000
51	0.000796000
68	1.005162000
51	0.000595000
68	1.004207000
51	0.000718000
68	1.004221000
51	0.000602000
68	1.004139000
51	0.000768000
68	1.002979000
51	0.000659000
68	1.002917000
51	0.000691000
68	1.002894000
51	0.000773000
68	1.004534000
51	0.000862000
68	1.005497000
51	0.000600000
68	1.005515000
51	0.000859000
68	1.004263000
51	0.000689000
68	1.002879000
51	0.000715000
68	1.003395000
51	0.000851000
68	1.005537000
51	0.000857000
68	1.004368000
51	0.000729000
68	1.004412000
51	0.000749000
68	1.003851000
51	0.000723000
68	1.003147000
51	0.000693000
68	1.004268000
51	0.000856000
68	1.005358000
51	0.000837000
68	1.005455000
51	0.000911000
68	1.005566000
51	0.000918000
68	1.005332000
51	0.000861000
68	1.005451000
51	0.000854000
68	1.005376000
51	0.000839000
68	1.004360000
51	0.000677000
68	1.003990000
51	0.000772000
68	1.005496000
51	0.000868000
68	1.005361000
51	0.000883000
68	1.004240000
51	0.000713000
68	1.004285000
51	0.000859000
68	1.005463000
51	0.000573000
68	1.005598000
51	0.000849000
68	1.005691000
51	0.000858000
68	1.005301000
51	0.000742000
68	1.005431000
51	0.000858000
68	1.005589000
51	0.000942000
68	1.005557000
51	0.000890000
68	1.005637000
51	0.000912000
68	1.005682000
51	0.000835000
68	1.005783000
51	0.000871000
68	1.005284000
51	0.000910000
68	1.004302000
51	0.000703000
68	1.004596000
51	0.000989000
68	1.005643000
51	0.000851000
68	1.005221000
51	0.000828000
68	1.005114000
51	0.000835000
68	1.005551000
51	0.000900000
68	1.005382000
51	0.000816000
68	1.005720000
51	0.000856000
68	1.005538000
51	0.000890000
68	1.005294000
51	0.000618000
68	1.005410000
51	0.000839000
68	1.005134000
51	0.000827000
68	1.005623000
51	0.000910000
68	1.004891000
51	0.000609000
68	1.004052000
51	0.000700000
68	1.003992000
51	0.000799000
68	1.005652000
51	0.000860000
68	1.005317000
51	0.000601000
68	1.005391000
51	0.000528000
68	1.005074000
51	0.000944000
68	1.005685000
51	0.000839000
68	1.005750000
51	0.000599000
68	1.005544000
51	0.000859000
68	1.005349000
51	0.000835000
68	1.005362000
51	0.000816000
68	1.005577000
51	0.000845000
68	1.005431000
51	0.000800000
68	1.005401000
51	0.000865000
68	1.005552000
51	0.000568000
68	1.005428000
51	0.000815000
68	1.005486000
51	0.000823000
68	1.005326000
51	0.000814000
68	1.005502000
51	0.000603000
68	1.005049000
51	0.000859000
68	1.005048000
51	0.000591000
68	1.005248000
51	0.000535000
68	1.005611000
51	0.000861000
68	1.005738000
51	0.000892000
68	1.004178000
51	0.000714000
68	1.004238000
51	0.000581000
68	1.005416000
51	0.000861000
68	1.005481000
51	0.000852000
68	1.005225000
51	0.000781000
68	1.005668000
51	0.000864000
68	1.005187000
51	0.000634000
68	1.005685000
51	0.000736000
68	1.006183000
51	0.000771000
68	1.005020000
51	0.000854000
68	1.003112000
51	0.000633000
68	1.001908000
51	0.000645000
68	1.002053000
51	0.000580000
68	1.002111000
51	0.000655000
68	1.002143000
51	0.000646000
68	1.002033000
51	0.000646000
68	1.001967000
51	0.000650000
68	1.002128000
51	0.000539000
68	1.002583000
51	0.000671000
68	1.001927000
51	0.000671000
68	1.002348000
51	0.000779000
68	1.002536000
51	0.000629000
68	1.001899000
51	0.000640000
68	1.003725000
51	0.000846000
68	1.003564000
51	0.000667000
68	1.001856000
51	0.000672000
68	1.002347000
51	0.000670000
68	1.003365000
51	0.000689000
68	1.002011000
51	0.000651000
68	1.003932000
51	0.000781000
68	1.003593000
51	0.000697000
68	1.003227000
51	0.000642000
68	1.002454000
51	0.000714000
68	1.004307000
51	0.000878000
68	1.003926000
51	0.000713000
68	1.004292000
51	0.000828000
68	1.004386000
51	0.000728000
68	1.002933000
51	0.000749000
68	1.002952000
51	0.000690000
68	1.003916000
51	0.000811000
68	1.004058000
51	0.000760000
68	1.004439000
51	0.000613000
68	1.004432000
51	0.000605000
68	1.004097000
51	0.000688000
68	1.003655000
51	0.000639000
68	1.005384000
51	0.000864000
68	1.004306000
51	0.000694000
68	1.004344000
51	0.000860000
68	1.005770000
51	0.000852000
68	1.005298000
51	0.000882000
68	1.005167000
51	0.000581000
68	1.005597000
51	0.000779000
68	1.005456000
51	0.000850000
68	1.005411000
51	0.000939000
68	1.005585000
51	0.000852000
68	1.005405000
51	0.000673000
68	1.003939000
51	0.000730000
68	1.005070000
51	0.001081000
68	1.005588000
51	0.000880000
68	1.003770000
51	0.000686000
68	1.002897000
51	0.000721000
68	1.003220000
51	0.000703000
68	1.003577000
51	0.000821000
68	1.005325000
51	0.000849000
68	1.005645000
51	0.000854000
68	1.004260000
51	0.000739000
68	1.004554000
51	0.000864000
68	1.004230000
51	0.000721000
68	1.004475000
51	0.000897000
68	1.005392000
51	0.000593000
68	1.005238000
51	0.000892000
68	1.004015000
51	0.000730000
68	1.003378000
51	0.000622000
68	1.002931000
51	0.000696000
68	1.002572000
51	0.000765000
68	1.003213000
51	0.000683000
68	1.002942000
51	0.000758000
68	1.004247000
51	0.000711000
68	1.004566000
51	0.000890000
68	1.003912000
51	0.000723000
68	1.003028000
51	0.000699000
68	1.004297000
51	0.000852000
68	1.005553000
51	0.000862000
68	1.004397000
51	0.000755000
68	1.004102000
51	0.000895000
68	1.004230000
51	0.000693000
68	1.002926000
51	0.000697000
68	1.002937000
51	0.000729000
68	1.004644000
51	0.000852000
68	1.005310000
51	0.000897000
68	1.005471000
51	0.000818000
68	1.005445000
51	0.000852000
68	1.005513000
51	0.000882000
68	1.005496000
51	0.000809000
68	1.004675000
51	0.000570000
68	1.004134000
51	0.000718000
68	1.003330000
51	0.000747000
68	1.004537000
51	0.000818000
68	1.005601000
51	0.000817000
68	1.005345000
51	0.000833000
68	1.005349000
51	0.000833000
68	1.005355000
51	0.000863000
68	1.005583000
51	0.000862000
68	1.004405000
51	0.000863000
68	1.004093000
51	0.000710000
68	1.003301000
51	0.000749000
68	1.004096000
51	0.000463000
68	1.005330000
51	0.000858000
68	1.005556000
51	0.000774000
68	1.004974000
51	0.000816000
68	1.005634000
51	0.000759000
68	1.005157000
51	0.000818000
68	1.005667000
51	0.000835000
68	1.005272000
51	0.000799000
68	1.004052000
51	0.000698000
68	1.003557000
51	0.000678000
68	1.002939000
51	0.000739000
68	1.005098000
51	0.000826000
68	1.004527000
51	0.000837000
68	1.003930000
51	0.000731000
68	1.003066000
51	0.000682000
68	1.004306000
51	0.000794000
68	1.003965000
51	0.000723000
68	1.004348000
51	0.000855000
68	1.004421000
51	0.000744000
68	1.004498000
51	0.000907000
68	1.004318000
51	0.000710000
68	1.003149000
51	0.000719000
68	1.004444000
51	0.000821000
68	1.005733000
51	0.000850000
68	1.004353000
51	0.000693000
68	1.003019000
51	0.000711000
68	1.004538000
51	0.000855000
68	1.005424000
51	0.000844000
68	1.004049000
51	0.000668000
68	1.004313000
51	0.000909000
68	1.004513000
51	0.000617000
68	1.005729000
51	0.000879000
68	1.005622000
51	0.000848000
68	1.005613000
51	0.000824000
68	1.005173000
51	0.000868000
68	1.005498000
51	0.000871000
68	1.005623000
51	0.000880000
68	1.005480000
51	0.000814000
68	1.005572000
51	0.000780000
68	1.005810000
51	0.000867000
68	1.003614000
51	0.000364000
68	1.002745000
51	0.000732000
68	1.004328000
51	0.000833000
68	1.004228000
51	0.000627000
68	1.004323000
51	0.000863000
68	1.005631000
51	0.000821000
68	1.005726000
51	0.000857000
68	1.005473000
51	0.000567000
68	1.005287000
51	0.000797000
68	1.005674000
51	0.000856000
68	1.005631000
51	0.000746000
68	1.005414000
51	0.000876000
68	1.005307000
51	0.000816000
68	1.005188000
51	0.000863000
68	1.005254000
51	0.000658000
68	1.005265000
51	0.000870000
68	1.005620000
51	0.000789000
68	1.003236000
51	0.000496000
68	1.003936000
51	0.000615000
68	1.005333000
51	0.000905000
68	1.005363000
51	0.000674000
68	1.005249000
51	0.000865000
68	1.005380000
51	0.000814000
68	1.004285000
51	0.000731000
68	1.004567000
51	0.000840000
68	1.005220000
51	0.000884000
68	1.005703000
51	0.000918000
68	1.004197000
51	0.000702000
68	1.004508000
51	0.000726000
68	1.004137000
51	0.000669000
68	1.005130000
51	0.000919000
68	1.005348000
51	0.000572000
68	1.005605000
51	0.000883000
68	1.005292000
51	0.000862000
68	1.005164000
51	0.000559000
68	1.005639000
51	0.000837000
68	1.005478000
51	0.000770000
68	1.005056000
51	0.000901000
68	1.005724000
51	0.000812000
68	1.003861000
51	0.000686000
68	1.004680000
51	0.000946000
68	1.005757000
51	0.000804000
68	1.005400000
51	0.000853000
68	1.005359000
51	0.000613000
68	1.005506000
51	0.000862000
68	1.005387000
51	0.000594000
68	1.005449000
51	0.000850000
68	1.005234000
51	0.000811000
68	1.005595000
51	0.000864000
68	1.005730000
51	0.000852000
68	1.005705000
51	0.000822000
68	1.005695000
51	0.000855000
68	1.005350000
51	0.000855000
68	1.005749000
51	0.000788000
68	1.004344000
51	0.000720000
68	1.003475000
51	0.000658000
68	1.001988000
51	0.000635000
68	1.001930000
51	0.000680000
68	1.002116000
51	0.000649000
68	1.001922000
51	0.000680000
68	1.001955000
51	0.000673000
68	1.002030000
51	0.000650000
68	1.002261000
51	0.000763000
68	1.002576000
51	0.000657000
68	1.001868000
51	0.000665000
68	1.002290000
51	0.000699000
68	1.002208000
51	0.000669000
68	1.001944000
51	0.000679000
68	1.003140000
51	0.000847000
68	1.003810000
51	0.000394000
68	1.001968000
51	0.000723000
68	1.002598000
51	0.000467000
68	1.003053000
51	0.000646000
68	1.001908000
51	0.000675000
68	1.002378000
51	0.000741000
68	1.002901000
51	0.000774000
68	1.002591000
51	0.000647000
68	1.003564000
51	0.000701000
68	1.004333000
51	0.000852000
68	1.003897000
51	0.000645000
68	1.002304000
51	0.000426000
68	1.004136000
51	0.000853000
68	1.004189000
51	0.000714000
68	1.003173000
51	0.000691000
68	1.004044000
51	0.000786000
68	1.004635000
51	0.000804000
68	1.005382000
51	0.000814000
68	1.003671000
51	0.000853000
68	1.005732000
51	0.000856000
68	1.004089000
51	0.000696000
68	1.004022000
51	0.000584000
68	1.004683000
51	0.000876000
68	1.005641000
51	0.000884000
68	1.004025000
51	0.000707000
68	1.004729000
51	0.000836000
68	1.003915000
51	0.000684000
68	1.003923000
51	0.000769000
68	1.003714000
51	0.000706000
68	1.004326000
51	0.000861000
68	1.004071000
51	0.000654000
68	1.004275000
51	0.000851000
68	1.004041000
51	0.000742000
68	1.004273000
51	0.000845000
68	1.004277000
51	0.000722000
68	1.004308000
51	0.000816000
68	1.003973000
51	0.000775000
68	1.004257000
51	0.000579000
68	1.005546000
51	0.000814000
68	1.004160000
51	0.000855000
68	1.004022000
51	0.000704000
68	1.002905000
51	0.000716000
68	1.004235000
51	0.000857000
68	1.004306000
51	0.000714000
68	1.005069000
51	0.000859000
68	1.005216000
51	0.000826000
68	1.005595000
51	0.000863000
68	1.004332000
51	0.000710000
68	1.004510000
51	0.000881000
68	1.003878000
51	0.000738000
68	1.004288000
51	0.000586000
68	1.005372000
51	0.000595000
68	1.003931000
51	0.000662000
68	1.004256000
51	0.000783000
68	1.005418000
51	0.000815000
68	1.005325000
51	0.000589000
68	1.004077000
51	0.000730000
68	1.003178000
51	0.000733000
68	1.004093000
51	0.000634000
68	1.003996000
51	0.000688000
68	1.003976000
51	0.000750000
68	1.005328000
51	0.000859000
68	1.004368000
51	0.000755000
68	1.003187000
51	0.000750000
68	1.003067000
51	0.000753000
68	1.004497000
51	0.000943000
68	1.004053000
51	0.000691000
68	1.004243000
51	0.000856000
68	1.005501000
51	0.000613000
68	1.005509000
51	0.000861000
68	1.004194000
51	0.000693000
68	1.003949000
51	0.000864000
68	1.005434000
51	0.000816000
68	1.004220000
51	0.000653000
68	1.004224000
51	0.000897000
68	1.004394000
51	0.000689000
68	1.002844000
51	0.000731000
68	1.002956000
51	0.000707000
68	1.004243000
51	0.000750000
68	1.003249000
51	0.000733000
68	1.002829000
51	0.000675000
68	1.003997000
51	0.000927000
68	1.005740000
51	0.000893000
68	1.005745000
51	0.000820000
68	1.005350000
51	0.000894000
68	1.003953000
51	0.000747000
68	1.004596000
51	0.000866000
68	1.005266000
51	0.000526000
68	1.004153000
51	0.000711000
68	1.004869000
51	0.000858000
68	1.005247000
51	0.000834000
68	1.003926000
51	0.000441000
68	1.002681000
51	0.000638000
68	1.002672000
51	0.000723000
68	1.002906000
51	0.000697000
68	1.004357000
51	0.000852000
68	1.003999000
51	0.000723000
68	1.004421000
51	0.000612000
68	1.005599000
51	0.000861000
68	1.005413000
51	0.000902000
68	1.003683000
51	0.000725000
68	1.002847000
51	0.000712000
68	1.004218000
51	0.000904000
68	1.004131000
51	0.000693000
68	1.004231000
51	0.000877000
68	1.005647000
51	0.000817000
68	1.005682000
51	0.000852000
68	1.004250000
51	0.000727000
68	1.003196000
51	0.000708000
68	1.002615000
51	0.000699000
68	1.002992000
51	0.000706000
68	1.002914000
51	0.000695000
68	1.004539000
51	0.000879000
68	1.004260000
51	0.000738000
68	1.004636000
51	0.000874000
68	1.004354000
51	0.000706000
68	1.004105000
51	0.000820000
68	1.005628000
51	0.000797000
68	1.003502000
51	0.000695000
68	1.003110000
51	0.000833000
68	1.005345000
51	0.000755000
68	1.005079000
51	0.000816000
68	1.005498000
51	0.000988000
68	1.005845000
51	0.000911000
68	1.005535000
51	0.000838000
68	1.005285000
51	0.000841000
68	1.005678000
51	0.000859000
68	1.004383000
51	0.000722000
68	1.005410000
51	0.000870000
68	1.005721000
51	0.000809000
68	1.005446000
51	0.000780000
68	1.004044000
51	0.000730000
68	1.005080000
51	0.000570000
68	1.004185000
51	0.000577000
68	1.005269000
51	0.000618000
68	1.004653000
51	0.000820000
68	1.005289000
51	0.000582000
68	1.005162000
51	0.000961000
68	1.005771000
51	0.000870000
68	1.005538000
51	0.000826000
68	1.005844000
51	0.000883000
68	1.005742000
51	0.000758000
68	1.005198000
51	0.000562000
68	1.005677000
51	0.000865000
68	1.005629000
51	0.000823000
68	1.005359000
51	0.000761000
68	1.003934000
51	0.000686000
68	1.004022000
51	0.000600000
68	1.005231000
51	0.000563000
68	1.005761000
51	0.000858000
68	1.005390000
51	0.000757000
68	1.005404000
51	0.000881000
68	1.005335000
51	0.000774000
68	1.007272000
51	0.000988000
68	1.005543000
51	0.000848000
68	1.004859000
51	0.000535000
68	1.005363000
51	0.000583000
68	1.005449000
51	0.000917000
68	1.005345000
51	0.000990000
68	1.005557000
51	0.000848000
68	1.005773000
51	0.001013000
68	1.005550000
51	0.000880000
68	1.005556000
51	0.000853000
68	1.005593000
51	0.000860000
68	1.005603000
51	0.000850000
68	1.004207000
51	0.000716000
68	1.004346000
51	0.000825000
68	1.005334000
51	0.000872000
68	1.005595000
51	0.000847000
68	1.005675000
51	0.000807000
68	1.005420000
51	0.000829000
68	1.005443000
51	0.000822000
68	1.005627000
51	0.000865000
68	1.004369000
51	0.000677000
68	1.004383000
51	0.000929000
68	1.004443000
51	0.000863000
68	1.005366000
51	0.000756000
68	1.005325000
51	0.000850000
68	1.005530000
51	0.000610000
68	1.005936000
51	0.000742000
68	1.005306000
51	0.000740000
68	1.003671000
51	0.000673000
68	1.003285000
51	0.000647000
68	1.002419000
51	0.000644000
68	1.002362000
51	0.000698000
68	1.002177000
51	0.000731000
68	1.002119000
51	0.000638000
68	1.002278000
51	0.000671000
68	1.002408000
51	0.000664000
68	1.001924000
51	0.000669000
68	1.002385000
51	0.000663000
68	1.002293000
51	0.000649000
68	1.001906000
51	0.000669000
68	1.002231000
51	0.000697000
68	1.002580000
51	0.000670000
68	1.001874000
51	0.000659000
68	1.002342000
51	0.000692000
68	1.002293000
51	0.000667000
68	1.001863000
51	0.000673000
68	1.002268000
51	0.000727000
68	1.003105000
51	0.000702000
68	1.002512000
51	0.000662000
68	1.002275000
51	0.000462000
68	1.002952000
51	0.000677000
68	1.002252000
51	0.000316000
68	1.002600000
51	0.000440000
68	1.004258000
51	0.000854000
68	1.003704000
51	0.000672000
68	1.002587000
51	0.000732000
68	1.004397000
51	0.000804000
68	1.003920000
51	0.000716000
68	1.002896000
51	0.000676000
68	1.003970000
51	0.000826000
68	1.004354000
51	0.000694000
68	1.004300000
51	0.000860000
68	1.005807000
51	0.000866000
68	1.005672000
51	0.000681000
68	1.005568000
51	0.000857000
68	1.005514000
51	0.000855000
68	1.004479000
51	0.000721000
68	1.002999000
51	0.000754000
68	1.004718000
51	0.000864000
68	1.005643000
51	0.000854000
68	1.003989000
51	0.000708000
68	1.004240000
51	0.000833000
68	1.003957000
51	0.000784000
68	1.003927000
51	0.000768000
68	1.004804000
51	0.000593000
68	1.003754000
51	0.000713000
68	1.003016000
51	0.000727000
68	1.004265000
51	0.000783000
68	1.005381000
51	0.000865000
68	1.004196000
51	0.000710000
68	1.004270000
51	0.000728000
68	1.003856000
51	0.000742000
68	1.003229000
51	0.000709000
68	1.004692000
51	0.000795000
68	1.003891000
51	0.000423000
68	1.003759000
51	0.000831000
68	1.005511000
51	0.000889000
68	1.004256000
51	0.000699000
68	1.003949000
51	0.000734000
68	1.005122000
51	0.000893000
68	1.005735000
51	0.001070000
68	1.005827000
51	0.001009000
68	1.005832000
51	0.001010000
68	1.005564000
51	0.000922000
68	1.005407000
51	0.000832000
68	1.005743000
51	0.000834000
68	1.004951000
51	0.000592000
68	1.005051000
51	0.000851000
68	1.004030000
51	0.000707000
68	1.004282000
51	0.000585000
68	1.004002000
51	0.000702000
68	1.004206000
51	0.000773000
68	1.005070000
51	0.000880000
68	1.005442000
51	0.000866000
68	1.004354000
51	0.000704000
68	1.004490000
51	0.000759000
68	1.003442000
51	0.000674000
68	1.003609000
51	0.000833000
68	1.003860000
51	0.000703000
68	1.005180000
51	0.000858000
68	1.005735000
51	0.000780000
68	1.004415000
51	0.000698000
68	1.002803000
51	0.000465000
68	1.003236000
51	0.000777000
68	1.003425000
51	0.000731000
68	1.004857000
51	0.000863000
68	1.005589000
51	0.001003000
68	1.005490000
51	0.000715000
68	1.005080000
51	0.000651000
68	1.005395000
51	0.000849000
68	1.005598000
51	0.000889000
68	1.005306000
51	0.000800000
68	1.005333000
51	0.000819000
68	1.005555000
51	0.000815000
68	1.004050000
51	0.000763000
68	1.004288000
51	0.000811000
68	1.005763000
51	0.000910000
68	1.005335000
51	0.000613000
68	1.005512000
51	0.000865000
68	1.004386000
51	0.000690000
68	1.002722000
51	0.000697000
68	1.003928000
51	0.000818000
68	1.005382000
51	0.000862000
68	1.005303000
51	0.000611000
68	1.005277000
51	0.000850000
68	1.005512000
51	0.000859000
68	1.005679000
51	0.000848000
68	1.005356000
51	0.000818000
68	1.004168000
51	0.000731000
68	1.004486000
51	0.000860000
68	1.004258000
51	0.000697000
68	1.002914000
51	0.000747000
68	1.003349000
51	0.000690000
68	1.004267000
51	0.000776000
68	1.005176000
51	0.000865000
68	1.005802000
51	0.000818000
68	1.005220000
51	0.000857000
68	1.005556000
51	0.000812000
68	1.005157000
51	0.000895000
68	1.004069000
51	0.000701000
68	1.003451000
51	0.000737000
68	1.004713000
51	0.000599000
68	1.005108000
51	0.000876000
68	1.005567000
51	0.000914000
68	1.005094000
51	0.000730000
68	1.005350000
51	0.000873000
68	1.005317000
51	0.000863000
68	1.005087000
51	0.000825000
68	1.005530000
51	0.000896000
68	1.004268000
51	0.000724000
68	1.004352000
51	0.000575000
68	1.005489000
51	0.000552000
68	1.005410000
51	0.000616000
68	1.005428000
51	0.000920000
68	1.005657000
51	0.001005000
68	1.005505000
51	0.000825000
68	1.005459000
51	0.000830000
68	1.005090000
51	0.000820000
68	1.005754000
51	0.000912000
68	1.005383000
51	0.000816000
68	1.005721000
51	0.000900000
68	1.005385000
51	0.000572000
68	1.005552000
51	0.000859000
68	1.005653000
51	0.000897000
68	1.005382000
51	0.000815000
68	1.005792000
51	0.000854000
68	1.005870000
51	0.000803000
68	1.005436000
51	0.000864000
68	1.003964000
51	0.000478000
68	1.005235000
51	0.000860000
68	1.005640000
51	0.000860000
68	1.005382000
51	0.000781000
68	1.005219000
51	0.000825000
68	1.004799000
51	0.000602000
68	1.005145000
51	0.000896000
68	1.004097000
51	0.000721000
68	1.004603000
51	0.000861000
68	1.004072000
51	0.000745000
68	1.004665000
51	0.000835000
68	1.005590000
51	0.000841000
68	1.005322000
51	0.000870000
68	1.005738000
51	0.000862000
68	1.005563000
51	0.000842000
68	1.005481000
51	0.000829000
68	1.005599000
51	0.000840000
68	1.005615000
51	0.000869000
68	1.004290000
51	0.000758000
68	1.005311000
51	0.000937000
68	1.005136000
51	0.000821000
68	1.004379000
51	0.000694000
68	1.004220000
51	0.000784000
68	1.005708000
51	0.000863000
68	1.005599000
51	0.000613000
68	1.003896000
51	0.000714000
68	1.004244000
51	0.000894000
68	1.005718000
51	0.000820000
68	1.005301000
51	0.000825000
68	1.005361000
51	0.000823000
68	1.005743000
51	0.000871000
68	1.005639000
51	0.000869000
68	1.005399000
51	0.000861000
68	1.005608000
51	0.000750000
68	1.004572000
51	0.000917000
68	1.005455000
51	0.000637000
68	1.005141000
51	0.000891000
68	1.005435000
51	0.000801000
68	1.005534000
51	0.000630000
68	1.003747000
51	0.000744000
68	1.003046000
51	0.000419000
68	1.002586000
51	0.000698000
68	1.002108000
51	0.000632000
68	1.002246000
51	0.000634000
68	1.002053000
51	0.000412000
68	1.002335000
51	0.000663000
68	1.001935000
51	0.000646000
68	1.002458000
51	0.000626000
68	1.002408000
51	0.000661000
68	1.001950000
51	0.000674000
68	1.002236000
51	0.000722000
68	1.002625000
51	0.000668000
68	1.001861000
51	0.000625000
68	1.003432000
51	0.000795000
68	1.004045000
51	0.000605000
68	1.001894000
51	0.000635000
68	1.002542000
51	0.000705000
68	1.002646000
51	0.000725000
68	1.002232000
51	0.000643000
68	1.004087000
51	0.001030000
68	1.004071000
51	0.000726000
68	1.002960000
51	0.000670000
68	1.003699000
51	0.000596000
68	1.004381000
51	0.000721000
68	1.003739000
51	0.000756000
68	1.002900000
51	0.000692000
68	1.002924000
51	0.000703000
68	1.003004000
51	0.000690000
68	1.002569000
51	0.000684000
68	1.003972000
51	0.000751000
68	1.003906000
51	0.000656000
68	1.002791000
51	0.000760000
68	1.004315000
51	0.000862000
68	1.004309000
51	0.000707000
68	1.004275000
51	0.000863000
68	1.004285000
51	0.000718000
68	1.003239000
51	0.000736000
68	1.004437000
51	0.000851000
68	1.005449000
51	0.000882000
68	1.005398000
51	0.000712000
68	1.005572000
51	0.000581000
68	1.004112000
51	0.000701000
68	1.002875000
51	0.000713000
68	1.004569000
51	0.000833000
68	1.005558000
51	0.000935000
68	1.004109000
51	0.000757000
68	1.003955000
51	0.000677000
68	1.004303000
51	0.000868000
68	1.005606000
51	0.000843000
68	1.005597000
51	0.000873000
68	1.005011000
51	0.000855000
68	1.005345000
51	0.000807000
68	1.004219000
51	0.000697000
68	1.004296000
51	0.000882000
68	1.004147000
51	0.000679000
68	1.004344000
51	0.000873000
68	1.005508000
51	0.000849000
68	1.005709000
51	0.000839000
68	1.005303000
51	0.000814000
68	1.005302000
51	0.000609000
68	1.004220000
51	0.000691000
68	1.002893000
51	0.000722000
68	1.003193000
51	0.000686000
68	1.002908000
51	0.000756000
68	1.005005000
51	0.000827000
68	1.004257000
51	0.000713000
68	1.004460000
51	0.000857000
68	1.004444000
51	0.000697000
68	1.002794000
51	0.000644000
68	1.002538000
51	0.000711000
68	1.004403000
51	0.000846000
68	1.005767000
51	0.000836000
68	1.005323000
51	0.000850000
68	1.004062000
51	0.000728000
68	1.003367000
51	0.000724000
68	1.004412000
51	0.000639000
68	1.004208000
51	0.000686000
68	1.004358000
51	0.000891000
68	1.005541000
51	0.000834000
68	1.004302000
51	0.000694000
68	1.002643000
51	0.000468000
68	1.004489000
51	0.000812000
68	1.005319000
51	0.000837000
68	1.004153000
51	0.000692000
68	1.002651000
51	0.000433000
68	1.004021000
51	0.000825000
68	1.005369000
51	0.000796000
68	1.003873000
51	0.000784000
68	1.003296000
51	0.000705000
68	1.002601000
51	0.000707000
68	1.002649000
51	0.000728000
68	1.002914000
51	0.000716000
68	1.004595000
51	0.000889000
68	1.005479000
51	0.000869000
68	1.003686000
51	0.000708000
68	1.004230000
51	0.000851000
68	1.003965000
51	0.000684000
68	1.004067000
51	0.000813000
68	1.005620000
51	0.000796000
68	1.004204000
51	0.000731000
68	1.003208000
51	0.000697000
68	1.003050000
51	0.000695000
68	1.004274000
51	0.000883000
68	1.005921000
51	0.000971000
68	1.005473000
51	0.000638000
68	1.004114000
51	0.000680000
68	1.004188000
51	0.000874000
68	1.004900000
51	0.000819000
68	1.004234000
51	0.000741000
68	1.003045000
51	0.000720000
68	1.004359000
51	0.000866000
68	1.005351000
51	0.000603000
68	1.005640000
51	0.000599000
68	1.005308000
51	0.000813000
68	1.004047000
51	0.000667000
68	1.004330000
51	0.000767000
68	1.005294000
51	0.000845000
68	1.004428000
51	0.000667000
68	1.003584000
51	0.000813000
68	1.003979000
51	0.000713000
68	1.004608000
51	0.000869000
68	1.005467000
51	0.000609000
68	1.003740000
51	0.000741000
68	1.004198000
51	0.000832000
68	1.005208000
51	0.000892000
68	1.004359000
51	0.000711000
68	1.004236000
51	0.000895000
68	1.004328000
51	0.000719000
68	1.004540000
51	0.000867000
68	1.005691000
51	0.000858000
68	1.005638000
51	0.000886000
68	1.005407000
51	0.000466000
68	1.004293000
51	0.000650000
68	1.004292000
51	0.000799000
68	1.005323000
51	0.000731000
68	1.004960000
51	0.000606000
68	1.005283000
51	0.000591000
68	1.005194000
51	0.000583000
68	1.003995000
51	0.000412000
68	1.003836000
51	0.000486000
68	1.005184000
51	0.000813000
68	1.004936000
51	0.000817000
68	1.005429000
51	0.000995000
68	1.005670000
51	0.000974000
68	1.004306000
51	0.000692000
68	1.004603000
51	0.000570000
68	1.005631000
51	0.000864000
68	1.005622000
51	0.000828000
68	1.005352000
51	0.000914000
68	1.005082000
51	0.000595000
68	1.005529000
51	0.000894000
68	1.004172000
51	0.000591000
68	1.003907000
51	0.000686000
68	1.004183000
51	0.000876000
68	1.005348000
51	0.000649000
68	1.005418000
51	0.000905000
68	1.005635000
51	0.000862000
68	1.005687000
51	0.000782000
68	1.005470000
51	0.000855000
68	1.005255000
51	0.000795000
68	1.005129000
51	0.000871000
68	1.005560000
51	0.000835000
68	1.005644000
51	0.000864000
68	1.005472000
51	0.000866000
68	1.005434000
51	0.000713000
68	1.005026000
51	0.000851000
68	1.005367000
51	0.000627000
68	1.004054000
51	0.000863000
68	1.005239000
51	0.000811000
68	1.004961000
51	0.000578000
68	1.005338000
51	0.000899000
68	1.005481000
51	0.000610000
68	1.005386000
51	0.000619000
68	1.004874000
51	0.000901000
68	1.005615000
51	0.000837000
68	1.004968000
51	0.000643000
68	1.005278000
51	0.000823000
68	1.005780000
51	0.000773000
68	1.005166000
51	0.000815000
68	1.005553000
51	0.000847000
68	1.005602000
51	0.000780000
68	1.005271000
51	0.000843000
68	1.005247000
51	0.000449000
68	1.005361000
51	0.000860000
68	1.004246000
51	0.000706000
68	1.004025000
51	0.000897000
68	1.005103000
51	0.000812000
68	1.004960000
51	0.000786000
68	1.005266000
51	0.000812000
68	1.005810000
51	0.000890000
68	1.005608000
51	0.000859000
68	1.005518000
51	0.000882000
68	1.005901000
51	0.000770000
68	1.005068000
51	0.000759000
68	1.004728000
51	0.000642000
68	1.001943000
51	0.000669000
68	1.002114000
51	0.000646000
68	1.001902000
51	0.000644000
68	1.002182000
51	0.000687000
68	1.002182000
51	0.000722000
68	1.002185000
51	0.000652000
68	1.002515000
51	0.000696000
68	1.002658000
51	0.000676000
68	1.001908000
51	0.000670000
68	1.002313000
51	0.000768000
68	1.002525000
51	0.000646000
68	1.002246000
51	0.000698000
68	1.002476000
51	0.000792000
68	1.002524000
51	0.000663000
68	1.002401000
51	0.000619000
68	1.003948000
51	0.000950000
68	1.004158000
51	0.000720000
68	1.002526000
51	0.000637000
68	1.002260000
51	0.000683000
68	1.002929000
51	0.000690000
68	1.002478000
51	0.000643000
68	1.003810000
51	0.000820000
68	1.003945000
51	0.000722000
68	1.004080000
51	0.000722000
68	1.004665000
51	0.000850000
68	1.005106000
51	0.000771000
68	1.003754000
51	0.000736000
68	1.003986000
51	0.000892000
68	1.005395000
51	0.000866000
68	1.005307000
51	0.000876000
68	1.004114000
51	0.000729000
68	1.004228000
51	0.000851000
68	1.004271000
51	0.000787000
68	1.005229000
51	0.000614000
68	1.003808000
51	0.000703000
68	1.003572000
51	0.000717000
68	1.002828000
51	0.000629000
68	1.004305000
51	0.001020000
68	1.004413000
51	0.000707000
68	1.003191000
51	0.000688000
68	1.002538000
51	0.000750000
68	1.004663000
51	0.000878000
68	1.004076000
51	0.000704000
68	1.004242000
51	0.000807000
68	1.003971000
51	0.000710000
68	1.004376000
51	0.000594000
68	1.003969000
51	0.000700000
68	1.003165000
51	0.000710000
68	1.003179000
51	0.000695000
68	1.003219000
51	0.000667000
68	1.002468000
51	0.000763000
68	1.005302000
51	0.000820000
68	1.003873000
51	0.000703000
68	1.004246000
51	0.000866000
68	1.005715000
51	0.000835000
68	1.005099000
51	0.000880000
68	1.004247000
51	0.000699000
68	1.003926000
51	0.000812000
68	1.005233000
51	0.000828000
68	1.005711000
51	0.000886000
68	1.004277000
51	0.000711000
68	1.004364000
51	0.000609000
68	1.004389000
51	0.000687000
68	1.004184000
51	0.000778000
68	1.003947000
51	0.000708000
68	1.002558000
51	0.000342000
68	1.004032000
51	0.000940000
68	1.003971000
51	0.000742000
68	1.004386000
51	0.000884000
68	1.004282000
51	0.000632000
68	1.002610000
51	0.000675000
68	1.004161000
51	0.000721000
68	1.004165000
51	0.000441000
68	1.004071000
51	0.000553000
68	1.005144000
51	0.000776000
68	1.005023000
51	0.000999000
68	1.005894000
51	0.000893000
68	1.004008000
51	0.000733000
68	1.002692000
51	0.000725000
68	1.004172000
51	0.000910000
68	1.004383000
51	0.000712000
68	1.004584000
51	0.000852000
68	1.005087000
51	0.000584000
68	1.004779000
51	0.000450000
68	1.005311000
51	0.000949000
68	1.005254000
51	0.000590000
68	1.004134000
51	0.000707000
68	1.003119000
51	0.000687000
68	1.004648000
51	0.000596000
68	1.005834000
51	0.000798000
68	1.004038000
51	0.000676000
68	1.003928000
51	0.000894000
68	1.004285000
51	0.000712000
68	1.004239000
51	0.000952000
68	1.005377000
51	0.000919000
68	1.005685000
51	0.000902000
68	1.005677000
51	0.000861000
68	1.005650000
51	0.000854000
68	1.004067000
51	0.000723000
68	1.003133000
51	0.000723000
68	1.003217000
51	0.000703000
68	1.003181000
51	0.000694000
68	1.004171000
51	0.000615000
68	1.005062000
51	0.000893000
68	1.005294000
51	0.000856000
68	1.005517000
51	0.000875000
68	1.004056000
51	0.000817000
68	1.005432000
51	0.000610000
68	1.005455000
51	0.000872000
68	1.004295000
51	0.000748000
68	1.003450000
51	0.000701000
68	1.004054000
51	0.000919000
68	1.004308000
51	0.000722000
68	1.004287000
51	0.000828000
68	1.005653000
51	0.000852000
68	1.004059000
51	0.000686000
68	1.004304000
51	0.000821000
68	1.004035000
51	0.000710000
68	1.003299000
51	0.000691000
68	1.002923000
51	0.000749000
68	1.004432000
51	0.000772000
68	1.005317000
51	0.000882000
68	1.004086000
51	0.000705000
68	1.004042000
51	0.000705000
68	1.002801000
51	0.000695000
68	1.003518000
51	0.000724000
68	1.004644000
51	0.000921000
68	1.004350000
51	0.000701000
68	1.004215000
51	0.001014000
68	1.005916000
51	0.000866000
68	1.004272000
51	0.000698000
68	1.004435000
51	0.000819000
68	1.005764000
51	0.000854000
68	1.003815000
51	0.000645000
68	1.003884000
51	0.000892000
68	1.005649000
51	0.000849000
68	1.005602000
51	0.000862000
68	1.005385000
51	0.000871000
68	1.005468000
51	0.000847000
68	1.004927000
51	0.000745000
68	1.004953000
51	0.000927000
68	1.005245000
51	0.000892000
68	1.005041000
51	0.000631000
68	1.005089000
51	0.000693000
68	1.004164000
51	0.000764000
68	1.004614000
51	0.000904000
68	1.005747000
51	0.000934000
68	1.005373000
51	0.000907000
68	1.005166000
51	0.000863000
68	1.005706000
51	0.000866000
68	1.004168000
51	0.000703000
68	1.004272000
51	0.000824000
68	1.005749000
51	0.000867000
68	1.005317000
51	0.000826000
68	1.005312000
51	0.000815000
68	1.005429000
51	0.000861000
68	1.005600000
51	0.000843000
68	1.005427000
51	0.000749000
68	1.003769000
51	0.000681000
68	1.004225000
51	0.000647000
68	1.004220000
51	0.000745000
68	1.004506000
51	0.000639000
68	1.005034000
51	0.000919000
68	1.005466000
51	0.000678000
68	1.005165000
51	0.000897000
68	1.005441000
51	0.000869000
68	1.004308000
51	0.000701000
68	1.004398000
51	0.000860000
68	1.004264000
51	0.000710000
68	1.004238000
51	0.000861000
68	1.005723000
51	0.000849000
68	1.005386000
51	0.000869000
68	1.004252000
51	0.000714000
68	1.004327000
51	0.000603000
68	1.003989000
51	0.000675000
68	1.004356000
51	0.000766000
68	1.005044000
51	0.000617000
68	1.005378000
51	0.000918000
68	1.005438000
51	0.000850000
68	1.005149000
51	0.000872000
68	1.004143000
51	0.000819000
68	1.005332000
51	0.000875000
68	1.004177000
51	0.000894000
68	1.005389000
51	0.000565000
68	1.004976000
51	0.000818000
68	1.005132000
51	0.000609000
68	1.005408000
51	0.000893000
68	1.005295000
51	0.000857000
68	1.004383000
51	0.000699000
68	1.005089000
51	0.000866000
68	1.005239000
51	0.000961000
68	1.005580000
51	0.000839000
68	1.005591000
51	0.000851000
68	1.006046000
51	0.000821000
68	1.003910000
51	0.000663000
68	1.003855000
51	0.000510000
68	1.003567000
51	0.000656000
68	1.002009000
51	0.000656000
68	1.002023000
51	0.000632000
68	1.001856000
51	0.000640000
68	1.001996000
51	0.000651000
68	1.002201000
51	0.000659000
68	1.001883000
51	0.000661000
68	1.002300000
51	0.000667000
68	1.002351000
51	0.000652000
68	1.001991000
51	0.000642000
68	1.002546000
51	0.000426000
68	1.002844000
51	0.000688000
68	1.002159000
51	0.000729000
68	1.002785000
51	0.000775000
68	1.002618000
51	0.000649000
68	1.002139000
51	0.000654000
68	1.002533000
51	0.000726000
68	1.003025000
51	0.000695000
68	1.002233000
51	0.000664000
68	1.003289000
51	0.000983000
68	1.004059000
51	0.000675000
68	1.002235000
51	0.000639000
68	1.003922000
51	0.000883000
68	1.004746000
51	0.000865000
68	1.004468000
51	0.000727000
68	1.004227000
51	0.000842000
68	1.004194000
51	0.000850000
68	1.003977000
51	0.000780000
68	1.005218000
51	0.000978000
68	1.005431000
51	0.000903000
68	1.004110000
51	0.000662000
68	1.003958000
51	0.000888000
68	1.004846000
51	0.000857000
68	1.005655000
51	0.000820000
68	1.005265000
51	0.000855000
68	1.005741000
51	0.000836000
68	1.004348000
51	0.000567000
68	1.005194000
51	0.000725000
68	1.004569000
51	0.000770000
68	1.005098000
51	0.000857000
68	1.005465000
51	0.000863000
68	1.005515000
51	0.000815000
68	1.005603000
51	0.000890000
68	1.004078000
51	0.000711000
68	1.004715000
51	0.000801000
68	1.005398000
51	0.000922000
68	1.004298000
51	0.000680000
68	1.002893000
51	0.000726000
68	1.004609000
51	0.000865000
68	1.004129000
51	0.000817000
68	1.005638000
51	0.000859000
68	1.003382000
51	0.000692000
68	1.002880000
51	0.000721000
68	1.004422000
51	0.000940000
68	1.004334000
51	0.000735000
68	1.004625000
51	0.000824000
68	1.005685000
51	0.000859000
68	1.004182000
51	0.000638000
68	1.002628000
51	0.000708000
68	1.004189000
51	0.000568000
68	1.005450000
51	0.000575000
68	1.005724000
51	0.000894000
68	1.004021000
51	0.000695000
68	1.004304000
51	0.000838000
68	1.004435000
51	0.000695000
68	1.004304000
51	0.000859000
68	1.004133000
51	0.000689000
68	1.002935000
51	0.000594000
68	1.004140000
51	0.000554000
68	1.005313000
51	0.000630000
68	1.004222000
51	0.000711000
68	1.004554000
51	0.000875000
68	1.004185000
51	0.000730000
68	1.003204000
51	0.000703000
68	1.004019000
51	0.000859000
68	1.004335000
51	0.000641000
68	1.004443000
51	0.000862000
68	1.005681000
51	0.000780000
68	1.004092000
51	0.000740000
68	1.002866000
51	0.000712000
68	1.004056000
51	0.000944000
68	1.005438000
51	0.000896000
68	1.005386000
51	0.000887000
68	1.004352000
51	0.000726000
68	1.003170000
51	0.000695000
68	1.004302000
51	0.001030000
68	1.005450000
51	0.000586000
68	1.005671000
51	0.000935000
68	1.004284000
51	0.000770000
68	1.004627000
51	0.000863000
68	1.004391000
51	0.000710000
68	1.002797000
51	0.000684000
68	1.003274000
51	0.000717000
68	1.003178000
51	0.000705000
68	1.004515000
51	0.000767000
68	1.003809000
51	0.000718000
68	1.004522000
51	0.000838000
68	1.005498000
51	0.000944000
68	1.004380000
51	0.000722000
68	1.003734000
51	0.000859000
68	1.005676000
51	0.000853000
68	1.005665000
51	0.000784000
68	1.003948000
51	0.000701000
68	1.003034000
51	0.000742000
68	1.003165000
51	0.000768000
68	1.003334000
51	0.000746000
68	1.004110000
51	0.000816000
68	1.004214000
51	0.000719000
68	1.003081000
51	0.000748000
68	1.002889000
51	0.000687000
68	1.002631000
51	0.000721000
68	1.004598000
51	0.000850000
68	1.005585000
51	0.000609000
68	1.003984000
51	0.000691000
68	1.004147000
51	0.000777000
68	1.004824000
51	0.000793000
68	1.005000000
51	0.000827000
68	1.003649000
51	0.000717000
68	1.004230000
51	0.000897000
68	1.005854000
51	0.000885000
68	1.003917000
51	0.000705000
68	1.004571000
51	0.000790000
68	1.005740000
51	0.000870000
68	1.004233000
51	0.000707000
68	1.003239000
51	0.000710000
68	1.003140000
51	0.000695000
68	1.004842000
51	0.000925000
68	1.005243000
51	0.000894000
68	1.004802000
51	0.000888000
68	1.005297000
51	0.000842000
68	1.005807000
51	0.000846000
68	1.005785000
51	0.000871000
68	1.005601000
51	0.000859000
68	1.005421000
51	0.000828000
68	1.005408000
51	0.000823000
68	1.004201000
51	0.000738000
68	1.004595000
51	0.000850000
68	1.004369000
51	0.000719000
68	1.004240000
51	0.000837000
68	1.005354000
51	0.000593000
68	1.005395000
51	0.000725000
68	1.005045000
51	0.000828000
68	1.005397000
51	0.000722000
68	1.005521000
51	0.000870000
68	1.005533000
51	0.000822000
68	1.004225000
51	0.000766000
68	1.003981000
51	0.000734000
68	1.005334000
51	0.000837000
68	1.005634000
51	0.000885000
68	1.005295000
51	0.000586000
68	1.005381000
51	0.001016000
68	1.003153000
51	0.000730000
68	1.004350000
51	0.000675000
68	1.005560000
51	0.000919000
68	1.005380000
51	0.000891000
68	1.005726000
51	0.000867000
68	1.005671000
51	0.000859000
68	1.005597000
51	0.000895000
68	1.005508000
51	0.000982000
68	1.005606000
51	0.000859000
68	1.005698000
51	0.000880000
68	1.005731000
51	0.000893000
68	1.005426000
51	0.000995000
68	1.004434000
51	0.000717000
68	1.004223000
51	0.000901000
68	1.005507000
51	0.000853000
68	1.005361000
51	0.001033000
68	1.005765000
51	0.001006000
68	1.005727000
51	0.000852000
68	1.005445000
51	0.000764000
68	1.004694000
51	0.000895000
68	1.005421000
51	0.000767000
68	1.005057000
51	0.000615000
68	1.005049000
51	0.000911000
68	1.005522000
51	0.000833000
68	1.005602000
51	0.000874000
68	1.005665000
51	0.000805000
68	1.004978000
51	0.000891000
68	1.005342000
51	0.000830000
68	1.005649000
51	0.000876000
68	1.005610000
51	0.000735000
68	1.005173000
51	0.000612000
68	1.005751000
51	0.000824000
68	1.005360000
51	0.000865000
68	1.005452000
51	0.000653000
68	1.005661000
51	0.000871000
68	1.005355000
51	0.000595000
68	1.005667000
51	0.000867000
68	1.005716000
51	0.000729000
68	1.003390000
51	0.000671000
68	1.003551000
51	0.000852000
68	1.003708000
51	0.000677000
68	1.001920000
51	0.000654000
68	1.001989000
51	0.000633000
68	1.002176000
51	0.000658000
68	1.002015000
51	0.000642000
68	1.001977000
51	0.000640000
68	1.002291000
51	0.000653000
68	1.002369000
51	0.000684000
68	1.002264000
51	0.000308000
68	1.002170000
51	0.000688000
68	1.002662000
51	0.000742000
68	1.003535000
51	0.000660000
68	1.001865000
51	0.000666000
68	1.002563000
51	0.000702000
68	1.002168000
51	0.000649000
68	1.001933000
51	0.000629000
68	1.002329000
51	0.000770000
68	1.002927000
51	0.000714000
68	1.002623000
51	0.000640000
68	1.002555000
51	0.000672000
68	1.002539000
51	0.000720000
68	1.003030000
51	0.000665000
68	1.002720000
51	0.000712000
68	1.003675000
51	0.000825000
68	1.003766000
51	0.000683000
68	1.004060000
51	0.000769000
68	1.005475000
51	0.000898000
68	1.004015000
51	0.000687000
68	1.004642000
51	0.000864000
68	1.005394000
51	0.000639000
68	1.004005000
51	0.000687000
68	1.004481000
51	0.000873000
68	1.005799000
51	0.000842000
68	1.004199000
51	0.000843000
68	1.003994000
51	0.000648000
68	1.004046000
51	0.000816000
68	1.004173000
51	0.000689000
68	1.003982000
51	0.000766000
68	1.005368000
51	0.000875000
68	1.005632000
51	0.000866000
68	1.005684000
51	0.000866000
68	1.004918000
51	0.000566000
68	1.003812000
51	0.000716000
68	1.004275000
51	0.000599000
68	1.005108000
51	0.000975000
68	1.005402000
51	0.000597000
68	1.003957000
51	0.000698000
68	1.004010000
51	0.000835000
68	1.005701000
51	0.000878000
68	1.005708000
51	0.000859000
68	1.005379000
51	0.000832000
68	1.005582000
51	0.000845000
68	1.004285000
51	0.000399000
68	1.004518000
51	0.000804000
68	1.005550000
51	0.000795000
68	1.004270000
51	0.000659000
68	1.003864000
51	0.000557000
68	1.003539000
51	0.000656000
68	1.004253000
51	0.000794000
68	1.005377000
51	0.000785000
68	1.005481000
51	0.000601000
68	1.004688000
51	0.000769000
68	1.003954000
51	0.000648000
68	1.004401000
51	0.000884000
68	1.004090000
51	0.000392000
68	1.002960000
51	0.000705000
68	1.003908000
51	0.000885000
68	1.005752000
51	0.000864000
68	1.005309000
51	0.000797000
68	1.003884000
51	0.000705000
68	1.004142000
51	0.000821000
68	1.005584000
51	0.000838000
68	1.004394000
51	0.000727000
68	1.003927000
51	0.000683000
68	1.003174000
51	0.000695000
68	1.003455000
51	0.000743000
68	1.004412000
51	0.000600000
68	1.005678000
51	0.000864000
68	1.003938000
51	0.000704000
68	1.002594000
51	0.000412000
68	1.002862000
51	0.000715000
68	1.003234000
51	0.000724000
68	1.004546000
51	0.000860000
68	1.003908000
51	0.000778000
68	1.005234000
51	0.000821000
68	1.004667000
51	0.000499000
68	1.005392000
51	0.000629000
68	1.004362000
51	0.000692000
68	1.004197000
51	0.000906000
68	1.005371000
51	0.000818000
68	1.005615000
51	0.000835000
68	1.005724000
51	0.000861000
68	1.004136000
51	0.000770000
68	1.004170000
51	0.000717000
68	1.002759000
51	0.000712000
68	1.004036000
51	0.000891000
68	1.004256000
51	0.000695000
68	1.004374000
51	0.000631000
68	1.003914000
51	0.000517000
68	1.004317000
51	0.000600000
68	1.005441000
51	0.000807000
68	1.005022000
51	0.000657000
68	1.005057000
51	0.000889000
68	1.003770000
51	0.000666000
68	1.002751000
51	0.000728000
68	1.002904000
51	0.000702000
68	1.002414000
51	0.000674000
68	1.004058000
51	0.000865000
68	1.004381000
51	0.000691000
68	1.002919000
51	0.000687000
68	1.002579000
51	0.000720000
68	1.004314000
51	0.000862000
68	1.003932000
51	0.000642000
68	1.003030000
51	0.000757000
68	1.005706000
51	0.000831000
68	1.004099000
51	0.000641000
68	1.004275000
51	0.000784000
68	1.004152000
51	0.000711000
68	1.004330000
51	0.000618000
68	1.004350000
51	0.000687000
68	1.002859000
51	0.000720000
68	1.004057000
51	0.000814000
68	1.005392000
51	0.000902000
68	1.005688000
51	0.000886000
68	1.004932000
51	0.000788000
68	1.003683000
51	0.000699000
68	1.002807000
51	0.000705000
68	1.004084000
51	0.000779000
68	1.003617000
51	0.000745000
68	1.004301000
51	0.000885000
68	1.005304000
51	0.000821000
68	1.005258000
51	0.000572000
68	1.005402000
51	0.000833000
68	1.005144000
51	0.000839000
68	1.005443000
51	0.000818000
68	1.005398000
51	0.000599000
68	1.005383000
51	0.000930000
68	1.004224000
51	0.000741000
68	1.004732000
51	0.000856000
68	1.005511000
51	0.000779000
68	1.005562000
51	0.000878000
68	1.005644000
51	0.000826000
68	1.005229000
51	0.000851000
68	1.005722000
51	0.000834000
68	1.005644000
51	0.000748000
68	1.003974000
51	0.000718000
68	1.004728000
51	0.000840000
68	1.005285000
51	0.000872000
68	1.005692000
51	0.000796000
68	1.005578000
51	0.000918000
68	1.005626000
51	0.000794000
68	1.003886000
51	0.000484000
68	1.004189000
51	0.000839000
68	1.005839000
51	0.000754000
68	1.005047000
51	0.000832000
68	1.004054000
51	0.000710000
68	1.004183000
51	0.001040000
68	1.005755000
51	0.000908000
68	1.005668000
51	0.000804000
68	1.005563000
51	0.000869000
68	1.005376000
51	0.000864000
68	1.005643000
51	0.000780000
68	1.005589000
51	0.000853000
68	1.005786000
51	0.000841000
68	1.005382000
51	0.000816000
68	1.004306000
51	0.000689000
68	1.004558000
51	0.000915000
68	1.005251000
51	0.000754000
68	1.005063000
51	0.000828000
68	1.005398000
51	0.000763000
68	1.005016000
51	0.000583000
68	1.005588000
51	0.000737000
68	1.005459000
51	0.000859000
68	1.005677000
51	0.000859000
68	1.005634000
51	0.000932000
68	1.005030000
51	0.000854000
68	1.005679000
51	0.000901000
68	1.005599000
51	0.000849000
68	1.005476000
51	0.000860000
68	1.005389000
51	0.000817000
68	1.005534000
51	0.000830000
68	1.005613000
51	0.000733000
68	1.005380000
51	0.000897000
68	1.004021000
51	0.000674000
68	1.004167000
51	0.000913000
68	1.005396000
51	0.000613000
68	1.005505000
51	0.000746000
68	1.005402000
51	0.000840000
68	1.005304000
51	0.000947000
68	1.005351000
51	0.000627000
68	1.005031000
51	0.000943000
68	1.005991000
51	0.000866000
68	1.005189000
51	0.000668000
68	1.003444000
51	0.000764000
68	1.003236000
51	0.000651000
68	1.002394000
51	0.000643000
68	1.002256000
51	0.000695000
68	1.002205000
51	0.000675000
68	1.002210000
51	0.000673000
68	1.002585000
51	0.000661000
68	1.001913000
51	0.000638000
68	1.002594000
51	0.000708000
68	1.002582000
51	0.000688000
68	1.001899000
51	0.000664000
68	1.002275000
51	0.000673000
68	1.002235000
51	0.000637000
68	1.002179000
51	0.000649000
68	1.002581000
51	0.000697000
68	1.002305000
51	0.000645000
68	1.001917000
51	0.000638000
68	1.002434000
51	0.000615000
68	1.003998000
51	0.000694000
68	1.002730000
51	0.000649000
68	1.002617000
51	0.000747000
68	1.003885000
51	0.000875000
68	1.003680000
51	0.000667000
68	1.003982000
51	0.000864000
68	1.004075000
51	0.000721000
68	1.003587000
51	0.000746000
68	1.004399000
51	0.000869000
68	1.005106000
51	0.000860000
68	1.004004000
51	0.000714000
68	1.003119000
51	0.000658000
68	1.002945000
51	0.000710000
68	1.003181000
51	0.000690000
68	1.002580000
51	0.000716000
68	1.003805000
51	0.000586000
68	1.004331000
51	0.000728000
68	1.004167000
51	0.000749000
68	1.003074000
51	0.000689000
68	1.002906000
51	0.000745000
68	1.003276000
51	0.000737000
68	1.004615000
51	0.000855000
68	1.004266000
51	0.000691000
68	1.004055000
51	0.000829000
68	1.005783000
51	0.000923000
68	1.005339000
51	0.000919000
68	1.005746000
51	0.000964000
68	1.005436000
51	0.000942000
68	1.004376000
51	0.000711000
68	1.003204000
51	0.000750000
68	1.004382000
51	0.000568000
68	1.005424000
51	0.000917000
68	1.005408000
51	0.000944000
68	1.005472000
51	0.000589000
68	1.003784000
51	0.000744000
68	1.004482000
51	0.000956000
68	1.005310000
51	0.000608000
68	1.004264000
51	0.000715000
68	1.004452000
51	0.000836000
68	1.005490000
51	0.000865000
68	1.005268000
51	0.000640000
68	1.004414000
51	0.000783000
68	1.005665000
51	0.000759000
68	1.005391000
51	0.000802000
68	1.005706000
51	0.000871000
68	1.005616000
51	0.000831000
68	1.005632000
51	0.000845000
68	1.004386000
51	0.000676000
68	1.004295000
51	0.000883000
68	1.005191000
51	0.000860000
68	1.004218000
51	0.000712000
68	1.003952000
51	0.000592000
68	1.003986000
51	0.000772000
68	1.004618000
51	0.000848000
68	1.004248000
51	0.000686000
68	1.004235000
51	0.000926000
68	1.004275000
51	0.000715000
68	1.004505000
51	0.000819000
68	1.005723000
51	0.000843000
68	1.005436000
51	0.000809000
68	1.005365000
51	0.000921000
68	1.004844000
51	0.000806000
68	1.005188000
51	0.000909000
68	1.005790000
51	0.001000000
68	1.005469000
51	0.000819000
68	1.004246000
51	0.000744000
68	1.003188000
51	0.000718000
68	1.005060000
51	0.000821000
68	1.004270000
51	0.000716000
68	1.004225000
51	0.000816000
68	1.004802000
51	0.000787000
68	1.005272000
51	0.000853000
68	1.004229000
51	0.000762000
68	1.005587000
51	0.000822000
68	1.005257000
51	0.000914000
68	1.005735000
51	0.000851000
68	1.005542000
51	0.000861000
68	1.005710000
51	0.000787000
68	1.005323000
51	0.000796000
68	1.004968000
51	0.000803000
68	1.003735000
51	0.000921000
68	1.005529000
51	0.000843000
68	1.005526000
51	0.000916000
68	1.005598000
51	0.000859000
68	1.004297000
51	0.000741000
68	1.004593000
51	0.000852000
68	1.004271000
51	0.000730000
68	1.004872000
51	0.000845000
68	1.007254000
51	0.001001000
68	1.005650000
51	0.000608000
68	1.005611000
51	0.000857000
68	1.005460000
51	0.000895000
68	1.005657000
51	0.000860000
68	1.005290000
51	0.000836000
68	1.005705000
51	0.000786000
68	1.005053000
51	0.000834000
68	1.004097000
51	0.000698000
68	1.004009000
51	0.000885000
68	1.004842000
51	0.000900000
68	1.005388000
51	0.000718000
68	1.003783000
51	0.000668000
68	1.004430000
51	0.000558000
68	1.003652000
51	0.000488000
68	1.004555000
51	0.000829000
68	1.005509000
51	0.000887000
68	1.005649000
51	0.000817000
68	1.004235000
51	0.000676000
68	1.004425000
51	0.000830000
68	1.005374000
51	0.001017000
68	1.004051000
51	0.000759000
68	1.004469000
51	0.000839000
68	1.005297000
51	0.000944000
68	1.005483000
51	0.000848000
68	1.005298000
51	0.000940000
68	1.005631000
51	0.000850000
68	1.005518000
51	0.000644000
68	1.005133000
51	0.000659000
68	1.004955000
51	0.000624000
68	1.005244000
51	0.000667000
68	1.005611000
51	0.000600000
68	1.004378000
51	0.000823000
68	1.004301000
51	0.000692000
68	1.004045000
51	0.000774000
68	1.005349000
51	0.000815000
68	1.005236000
51	0.000642000
68	1.005305000
51	0.000864000
68	1.005637000
51	0.000884000
68	1.005597000
51	0.000814000
68	1.005225000
51	0.000837000
68	1.005303000
51	0.000819000
68	1.005734000
51	0.000840000
68	1.005268000
51	0.000839000
68	1.005811000
51	0.000883000
68	1.005334000
51	0.000880000
68	1.005703000
51	0.000851000
68	1.003846000
51	0.000777000
68	1.004465000
51	0.000813000
68	1.005563000
51	0.000784000
68	1.005642000
51	0.000860000
68	1.004231000
51	0.000716000
68	1.004257000
51	0.000788000
68	1.005415000
51	0.000860000
68	1.005181000
51	0.000888000
68	1.005530000
51	0.000855000
68	1.005615000
51	0.000793000
68	1.004146000
51	0.000728000
68	1.004633000
51	0.000822000
68	1.005643000
51	0.000858000
68	1.005218000
51	0.000798000
68	1.005302000
51	0.000830000
68	1.005653000
51	0.000851000
68	1.005612000
51	0.000753000
68	1.005356000
51	0.000940000
68	1.005293000
51	0.000591000
68	1.005173000
51	0.000814000
68	1.005386000
51	0.000614000
68	1.005555000
51	0.000863000
68	1.005465000
51	0.000745000
68	1.005488000
51	0.000826000
68	1.005627000
51	0.000916000
68	1.005429000
51	0.000838000
68	1.004738000
51	0.000630000
68	1.005339000
51	0.000894000
68	1.005632000
51	0.000900000
68	1.005720000
51	0.000887000
68	1.005678000
51	0.000744000
68	1.005369000
51	0.000664000
68	1.003832000
51	0.000845000
68	1.003170000
51	0.000660000
68	1.001952000
51	0.000672000
68	1.001893000
51	0.000667000
68	1.002533000
51	0.000652000
68	1.002215000
51	0.000655000
68	1.002255000
51	0.000665000
68	1.001888000
51	0.000637000
68	1.002427000
51	0.000678000
68	1.002093000
51	0.000642000
68	1.002043000
51	0.000654000
68	1.002507000
51	0.000722000
68	1.002750000
51	0.000720000
68	1.002289000
51	0.000674000
68	1.002594000
51	0.000683000
68	1.002780000
51	0.000670000
68	1.001951000
51	0.000645000
68	1.002599000
51	0.000655000
68	1.002646000
51	0.000647000
68	1.002109000
51	0.000658000
68	1.002542000
51	0.000706000
68	1.004099000
51	0.000770000
68	1.003849000
51	0.000647000
68	1.002255000
51	0.000699000
68	1.004021000
51	0.000815000
68	1.004141000
51	0.000679000
68	1.004147000
51	0.000591000
68	1.005553000
51	0.000759000
68	1.004096000
51	0.000707000
68	1.003907000
51	0.000776000
68	1.003135000
51	0.000868000
68	1.004217000
51	0.000714000
68	1.004217000
51	0.000760000
68	1.005562000
51	0.000848000
68	1.004220000
51	0.000722000
68	1.003002000
51	0.000721000
68	1.004274000
51	0.000843000
68	1.004062000
51	0.000728000
68	1.004148000
51	0.000931000
68	1.005723000
51	0.000851000
68	1.004269000
51	0.000695000
68	1.003893000
51	0.000866000
68	1.005827000
51	0.000988000
68	1.005432000
51	0.000837000
68	1.003892000
51	0.000743000
68	1.004406000
51	0.000933000
68	1.005379000
51	0.000819000
68	1.004223000
51	0.000698000
68	1.004345000
51	0.000825000
68	1.005333000
51	0.000569000
68	1.005298000
51	0.000811000
68	1.005469000
51	0.000785000
68	1.005554000
51	0.000819000
68	1.004228000
51	0.000743000
68	1.004333000
51	0.000785000
68	1.004087000
51	0.000722000
68	1.004324000
51	0.000811000
68	1.005185000
51	0.000903000
68	1.005633000
51	0.000848000
68	1.005228000
51	0.000846000
68	1.005652000
51	0.000860000
68	1.004182000
51	0.000725000
68	1.002634000
51	0.000714000
68	1.004469000
51	0.000775000
68	1.005205000
51	0.000863000
68	1.003912000
51	0.000752000
68	1.004540000
51	0.000950000
68	1.005691000
51	0.000856000
68	1.004297000
51	0.000685000
68	1.003943000
51	0.000812000
68	1.003748000
51	0.000678000
68	1.004194000
51	0.000584000
68	1.005252000
51	0.000644000
68	1.003846000
51	0.000660000
68	1.002909000
51	0.000717000
68	1.004557000
51	0.000607000
68	1.003870000
51	0.000682000
68	1.004130000
51	0.000818000
68	1.005590000
51	0.000850000
68	1.005303000
51	0.000874000
68	1.005426000
51	0.000591000
68	1.005016000
51	0.000647000
68	1.005307000
51	0.000883000
68	1.004026000
51	0.000717000
68	1.004498000
51	0.000830000
68	1.003905000
51	0.000713000
68	1.003979000
51	0.000836000
68	1.005642000
51	0.000842000
68	1.004217000
51	0.000722000
68	1.003277000
51	0.000718000
68	1.005616000
51	0.000864000
68	1.004012000
51	0.000721000
68	1.003691000
51	0.000716000
68	1.003182000
51	0.000730000
68	1.003136000
51	0.000715000
68	1.004159000
51	0.000823000
68	1.005172000
51	0.000835000
68	1.005280000
51	0.000820000
68	1.004856000
51	0.000817000
68	1.005804000
51	0.000770000
68	1.003739000
51	0.000739000
68	1.005174000
51	0.000834000
68	1.004733000
51	0.000605000
68	1.005678000
51	0.000854000
68	1.003859000
51	0.000695000
68	1.004299000
51	0.000875000
68	1.004167000
51	0.000722000
68	1.002846000
51	0.000736000
68	1.004573000
51	0.000845000
68	1.004323000
51	0.000721000
68	1.004588000
51	0.000827000
68	1.004217000
51	0.000780000
68	1.003139000
51	0.000749000
68	1.004189000
51	0.000837000
68	1.004661000
51	0.000913000
68	1.005826000
51	0.000885000
68	1.005299000
51	0.000600000
68	1.004111000
51	0.000732000
68	1.004548000
51	0.000923000
68	1.005601000
51	0.000853000
68	1.004365000
51	0.000708000
68	1.004181000
51	0.000667000
68	1.004070000
51	0.000623000
68	1.004323000
51	0.000689000
68	1.004001000
51	0.000836000
68	1.005468000
51	0.000566000
68	1.004644000
51	0.000848000
68	1.005356000
51	0.000777000
68	1.005345000
51	0.000607000
68	1.004839000
51	0.000583000
68	1.005415000
51	0.000605000
68	1.005485000
51	0.000774000
68	1.005009000
51	0.000811000
68	1.003961000
51	0.000725000
68	1.004316000
51	0.000792000
68	1.005059000
51	0.000572000
68	1.005368000
51	0.000823000
68	1.005285000
51	0.000853000
68	1.005647000
51	0.000876000
68	1.005563000
51	0.000930000
68	1.005015000
51	0.000866000
68	1.004260000
51	0.000735000
68	1.004557000
51	0.000856000
68	1.004268000
51	0.000746000
68	1.004496000
51	0.000820000
68	1.005302000
51	0.000598000
68	1.005199000
51	0.000646000
68	1.005110000
51	0.000706000
68	1.005355000
51	0.000897000
68	1.005727000
51	0.001078000
68	1.005770000
51	0.000855000
68	1.005588000
51	0.000852000
68	1.005377000
51	0.000738000
68	1.005418000
51	0.000918000
68	1.005640000
51	0.000601000
68	1.005268000
51	0.000799000
68	1.005399000
51	0.000745000
68	1.005741000
51	0.000855000
68	1.005497000
51	0.000977000
68	1.005582000
51	0.000873000
68	1.005270000
51	0.000838000
68	1.005607000
51	0.000866000
68	1.005634000
51	0.000869000
68	1.005552000
51	0.000598000
68	1.005028000
51	0.001005000
68	1.004655000
51	0.001020000
68	1.005753000
51	0.000912000
68	1.005624000
51	0.000978000
68	1.005584000
51	0.000923000
68	1.005110000
51	0.000804000
68	1.005641000
51	0.000907000
68	1.005651000
51	0.001001000
68	1.005649000
51	0.000998000
68	1.005591000
51	0.001016000
68	1.005820000
51	0.001056000
68	1.005906000
51	0.000850000
68	1.005250000
51	0.001018000
68	1.005528000
51	0.000818000
68	1.005733000
51	0.000919000
68	1.004017000
51	0.000709000
68	1.004562000
51	0.000800000
68	1.005460000
51	0.000847000
68	1.005424000
51	0.000882000
68	1.005263000
51	0.000620000
68	1.005566000
51	0.000995000
68	1.005776000
51	0.001019000
68	1.005926000
51	0.000853000
68	1.005819000
51	0.000759000
68	1.005682000
51	0.000809000
68	1.003321000
51	0.000409000
68	1.002422000
51	0.000644000
68	1.001923000
51	0.000641000
68	1.002362000
51	0.000659000
68	1.002058000
51	0.000672000
68	1.001919000
51	0.000627000
68	1.002033000
51	0.000669000
68	1.002398000
51	0.000717000
68	1.002606000
51	0.000646000
68	1.001967000
51	0.000667000
68	1.002248000
51	0.000754000
68	1.003682000
51	0.000645000
68	1.002108000
51	0.000662000
68	1.002502000
51	0.000681000
68	1.002543000
51	0.000662000
68	1.002189000
51	0.000643000
68	1.002071000
51	0.000533000
68	1.002756000
51	0.000373000
68	1.002600000
51	0.000592000
68	1.002318000
51	0.000826000
68	1.004345000
51	0.000709000
68	1.002983000
51	0.000674000
68	1.002280000
51	0.000540000
68	1.004382000
51	0.000815000
68	1.003497000
51	0.000521000
68	1.002625000
51	0.000843000
68	1.005362000
51	0.000851000
68	1.004093000
51	0.000721000
68	1.003262000
51	0.000704000
68	1.004276000
51	0.000600000
68	1.004029000
51	0.000715000
68	1.003180000
51	0.000694000
68	1.003977000
51	0.000831000
68	1.004348000
51	0.000681000
68	1.002905000
51	0.000674000
68	1.004247000
51	0.000870000
68	1.004011000
51	0.000690000
68	1.004682000
51	0.000867000
68	1.005608000
51	0.000837000
68	1.005288000
51	0.000825000
68	1.004363000
51	0.000671000
68	1.004526000
51	0.000823000
68	1.005642000
51	0.000851000
68	1.005381000
51	0.000846000
68	1.005266000
51	0.000912000
68	1.005313000
51	0.000758000
68	1.005163000
51	0.000764000
68	1.005372000
51	0.000914000
68	1.004311000
51	0.000772000
68	1.004399000
51	0.000656000
68	1.005352000
51	0.000834000
68	1.004205000
51	0.000721000
68	1.004133000
51	0.000869000
68	1.005629000
51	0.000862000
68	1.004293000
51	0.000658000
68	1.003094000
51	0.000730000
68	1.004228000
51	0.000863000
68	1.005460000
51	0.000804000
68	1.005668000
51	0.000839000
68	1.004050000
51	0.000683000
68	1.004618000
51	0.000876000
68	1.004431000
51	0.000711000
68	1.003104000
51	0.000720000
68	1.003138000
51	0.000720000
68	1.003957000
51	0.000591000
68	1.005409000
51	0.000800000
68	1.004301000
51	0.000698000
68	1.004332000
51	0.000829000
68	1.005609000
51	0.000747000
68	1.004040000
51	0.000728000
68	1.002690000
51	0.000730000
68	1.003999000
51	0.000828000
68	1.004357000
51	0.000712000
68	1.004454000
51	0.000844000
68	1.005288000
51	0.000830000
68	1.005413000
51	0.000515000
68	1.004095000
51	0.000849000
68	1.005612000
51	0.000918000
68	1.005488000
51	0.000826000
68	1.004209000
51	0.000687000
68	1.003738000
51	0.000816000
68	1.004029000
51	0.000700000
68	1.002511000
51	0.000729000
68	1.004197000
51	0.000760000
